Date,Station,Tmax,Tmin,Tavg,DewPoint,WetBulb,Heat,Cool,Sunrise,Sunset,PrecipTotal,StnPressure,SeaLevel,ResultSpeed,ResultDir,AvgSpeed,day,doy,week,month,year,yearweek
2007-05-01,1,83,50,67.0,51,56.0,0.0,2.0,448,1849,0.0,29.1,29.82,1.7,27,9.2,1,121,18,5,2007,2025
2007-05-01,2,84,52,68.0,51,57.0,0.0,3.0,448,1849,0.0,29.18,29.82,2.7,25,9.6,1,121,18,5,2007,2025
2007-05-02,1,59,42,51.0,42,47.0,14.0,0.0,447,1850,0.0,29.38,30.09,13.0,4,13.4,2,122,18,5,2007,2025
2007-05-02,2,60,43,52.0,42,47.0,13.0,0.0,447,1850,0.0,29.44,30.08,13.3,2,13.4,2,122,18,5,2007,2025
2007-05-03,1,66,46,56.0,40,48.0,9.0,0.0,446,1851,0.0,29.39,30.12,11.7,7,11.9,3,123,18,5,2007,2025
2007-05-03,2,67,48,58.0,40,50.0,7.0,0.0,446,1851,0.0,29.46,30.12,12.9,6,13.2,3,123,18,5,2007,2025
2007-05-04,1,66,49,58.0,41,50.0,7.0,0.0,444,1852,0.001,29.31,30.05,10.4,8,10.8,4,124,18,5,2007,2025
2007-05-04,2,78,51,64.5,42,50.0,0.0,4.0,444,1852,0.0,29.36,30.04,10.1,7,10.4,4,124,18,5,2007,2025
2007-05-05,1,66,53,60.0,38,49.0,5.0,0.0,443,1853,0.001,29.4,30.1,11.7,7,12.0,5,125,18,5,2007,2025
2007-05-05,2,66,54,60.0,39,50.0,5.0,0.0,443,1853,0.001,29.46,30.09,11.2,7,11.5,5,125,18,5,2007,2025
2007-05-06,1,68,49,59.0,30,46.0,6.0,0.0,442,1855,0.0,29.57,30.29,14.4,11,15.0,6,126,18,5,2007,2025
2007-05-06,2,68,52,60.0,30,46.0,5.0,0.0,442,1855,0.0,29.62,30.28,13.8,10,14.5,6,126,18,5,2007,2025
2007-05-07,1,83,47,65.0,41,54.0,0.0,0.0,441,1856,0.001,29.38,30.12,8.6,18,10.5,7,127,19,5,2007,2026
2007-05-07,2,84,50,67.0,39,53.0,0.0,2.0,441,1856,0.0,29.44,30.12,8.5,17,9.9,7,127,19,5,2007,2026
2007-05-08,1,82,54,68.0,58,62.0,0.0,3.0,439,1857,0.0,29.29,30.03,2.7,11,5.8,8,128,19,5,2007,2026
2007-05-08,2,80,60,70.0,57,63.0,0.0,5.0,439,1857,0.001,29.36,30.02,2.5,8,5.4,8,128,19,5,2007,2026
2007-05-09,1,77,61,69.0,59,63.0,0.0,4.0,438,1858,0.13,29.21,29.94,3.9,9,6.2,9,129,19,5,2007,2026
2007-05-09,2,76,63,70.0,60,63.0,0.0,5.0,438,1858,0.02,29.28,29.93,3.9,7,5.9,9,129,19,5,2007,2026
2007-05-10,1,84,56,70.0,52,60.0,0.0,5.0,437,1859,0.0,29.2,29.92,0.7,17,4.1,10,130,19,5,2007,2026
2007-05-10,2,83,59,71.0,52,61.0,0.0,6.0,437,1859,0.0,29.26,29.91,2.0,9,3.9,10,130,19,5,2007,2026
2007-05-11,1,70,51,61.0,42,51.0,4.0,0.0,436,1860,0.0,29.33,30.04,11.3,3,12.9,11,131,19,5,2007,2026
2007-05-11,2,73,49,61.0,44,51.0,4.0,0.0,436,1860,0.0,29.39,30.03,11.7,36,12.8,11,131,19,5,2007,2026
2007-05-12,1,64,46,55.0,36,46.0,10.0,0.0,435,1901,0.0,29.49,30.2,12.4,3,12.9,12,132,19,5,2007,2026
2007-05-12,2,65,47,56.0,37,46.0,9.0,0.0,435,1901,0.0,29.54,30.19,12.7,1,13.0,12,132,19,5,2007,2026
2007-05-13,1,69,43,56.0,33,46.0,9.0,0.0,434,1902,0.0,29.49,30.24,6.6,14,8.1,13,133,19,5,2007,2026
2007-05-13,2,69,44,57.0,32,46.0,8.0,0.0,434,1902,0.0,29.55,30.24,6.4,11,7.6,13,133,19,5,2007,2026
2007-05-14,1,90,56,73.0,47,59.0,0.0,8.0,433,1903,0.0,29.23,29.97,16.9,21,17.3,14,134,20,5,2007,2027
2007-05-14,2,90,54,72.0,45,58.0,0.0,7.0,433,1903,0.0,29.31,29.98,14.1,21,14.6,14,134,20,5,2007,2027
2007-05-15,1,80,57,69.0,56,61.0,0.0,4.0,432,1904,0.38,29.13,29.84,8.1,27,12.3,15,135,20,5,2007,2027
2007-05-15,2,82,56,69.0,56,61.0,0.0,4.0,432,1904,0.6,29.19,29.83,8.1,25,10.8,15,135,20,5,2007,2027
2007-05-16,1,66,44,55.0,43,48.0,10.0,0.0,431,1905,0.14,29.33,30.03,7.8,36,12.2,16,136,20,5,2007,2027
2007-05-16,2,64,45,55.0,42,47.0,10.0,0.0,431,1905,0.07,29.39,30.03,8.0,36,11.8,16,136,20,5,2007,2027
2007-05-17,1,62,43,53.0,32,43.0,12.0,0.0,430,1906,0.0,29.55,30.27,10.5,3,11.3,17,137,20,5,2007,2027
2007-05-17,2,61,44,53.0,32,43.0,12.0,0.0,430,1906,0.0,29.62,30.27,11.7,1,12.2,17,137,20,5,2007,2027
2007-05-18,1,71,42,57.0,30,46.0,8.0,0.0,429,1907,0.0,29.53,30.25,5.4,25,7.5,18,138,20,5,2007,2027
2007-05-18,2,70,43,57.0,31,47.0,8.0,0.0,429,1907,0.0,29.6,30.26,3.4,22,5.5,18,138,20,5,2007,2027
2007-05-19,1,80,56,68.0,39,53.0,0.0,3.0,428,1908,0.0,29.34,30.08,11.1,24,11.4,19,139,20,5,2007,2027
2007-05-19,2,80,56,68.0,37,53.0,0.0,3.0,428,1908,0.0,29.41,30.08,11.1,23,11.4,19,139,20,5,2007,2027
2007-05-20,1,69,43,56.0,40,44.0,9.0,0.0,427,1909,0.07,29.38,30.11,10.4,4,10.7,20,140,20,5,2007,2027
2007-05-20,2,69,44,57.0,41,45.0,8.0,0.0,427,1909,0.11,29.44,30.11,8.6,3,9.7,20,140,20,5,2007,2027
2007-05-21,1,80,44,62.0,50,56.0,3.0,0.0,426,1910,0.0,29.33,30.06,6.3,11,8.2,21,141,21,5,2007,2028
2007-05-21,2,79,46,63.0,50,57.0,2.0,0.0,426,1910,0.0,29.39,30.05,6.3,10,7.8,21,141,21,5,2007,2028
2007-05-22,1,87,55,71.0,46,58.0,0.0,6.0,425,1911,0.0,29.34,30.06,10.0,18,10.2,22,142,21,5,2007,2028
2007-05-22,2,87,60,74.0,44,58.0,0.0,9.0,425,1911,0.0,29.41,30.05,10.1,16,10.6,22,142,21,5,2007,2028
2007-05-23,1,89,60,75.0,49,61.0,0.0,10.0,425,1912,0.0,29.39,30.1,11.4,19,11.8,23,143,21,5,2007,2028
2007-05-23,2,89,66,78.0,48,61.0,0.0,13.0,425,1912,0.0,29.47,30.1,10.9,18,11.2,23,143,21,5,2007,2028
2007-05-24,1,88,63,76.0,54,63.0,0.0,11.0,424,1913,0.02,29.41,30.11,14.9,21,17.3,24,144,21,5,2007,2028
2007-05-24,2,88,66,77.0,53,63.0,0.0,12.0,424,1913,0.001,29.47,30.1,13.8,20,15.2,24,144,21,5,2007,2028
2007-05-25,1,70,56,63.0,44,53.0,2.0,0.0,423,1914,0.001,29.51,30.24,4.9,5,8.8,25,145,21,5,2007,2028
2007-05-25,2,66,57,62.0,46,53.0,3.0,0.0,423,1914,0.09,29.57,30.23,4.5,5,8.2,25,145,21,5,2007,2028
2007-05-26,1,65,49,57.0,55,56.0,8.0,0.0,422,1915,1.01,29.36,30.11,2.8,17,7.2,26,146,21,5,2007,2028
2007-05-26,2,70,50,60.0,55,57.0,5.0,0.0,422,1915,0.28,29.42,30.1,2.5,15,7.8,26,146,21,5,2007,2028
2007-05-27,1,75,57,66.0,47,56.0,0.0,1.0,422,1916,0.04,29.34,30.06,8.9,26,9.5,27,147,21,5,2007,2028
2007-05-27,2,75,59,67.0,49,57.0,0.0,2.0,422,1916,0.08,29.41,30.05,8.2,24,9.2,27,147,21,5,2007,2028
2007-05-28,1,79,50,65.0,47,56.0,0.0,0.0,421,1916,0.001,29.43,30.15,4.8,10,5.3,28,148,22,5,2007,2029
2007-05-28,2,76,54,65.0,49,57.0,0.0,0.0,421,1916,0.0,29.49,30.14,4.7,8,5.2,28,148,22,5,2007,2029
2007-05-29,1,88,60,74.0,58,65.0,0.0,9.0,421,1917,0.0,29.39,30.11,5.8,18,6.5,29,149,22,5,2007,2029
2007-05-29,2,88,65,77.0,59,66.0,0.0,12.0,421,1917,0.0,29.44,30.09,5.8,16,7.4,29,149,22,5,2007,2029
2007-05-30,1,87,66,77.0,58,65.0,0.0,12.0,420,1918,0.0,29.31,30.04,10.3,19,10.6,30,150,22,5,2007,2029
2007-05-30,2,89,70,80.0,57,66.0,0.0,15.0,420,1918,0.0,29.38,30.03,9.7,17,10.1,30,150,22,5,2007,2029
2007-05-31,1,78,65,72.0,61,65.0,0.0,7.0,420,1919,0.01,29.28,30.0,9.3,19,9.9,31,151,22,5,2007,2029
2007-05-31,2,80,68,74.0,61,66.0,0.0,9.0,420,1919,0.53,29.34,29.99,8.9,18,9.2,31,151,22,5,2007,2029
2007-06-01,1,85,62,74.0,63,66.0,0.0,9.0,419,1920,0.19,29.19,29.91,4.2,17,6.4,1,152,22,6,2007,2029
2007-06-01,2,86,67,77.0,63,67.0,0.0,12.0,419,1920,0.21,29.25,29.9,4.7,16,5.8,1,152,22,6,2007,2029
2007-06-02,1,81,65,73.0,63,67.0,0.0,8.0,419,1920,0.04,29.03,29.77,6.5,22,7.4,2,153,22,6,2007,2029
2007-06-02,2,81,68,75.0,62,67.0,0.0,10.0,419,1920,0.001,29.1,29.76,7.5,21,8.2,2,153,22,6,2007,2029
2007-06-03,1,78,62,70.0,60,63.0,0.0,5.0,418,1921,0.01,28.82,29.56,5.2,25,6.7,3,154,22,6,2007,2029
2007-06-03,2,77,64,71.0,60,64.0,0.0,6.0,418,1921,0.32,28.87,29.54,4.9,24,7.2,3,154,22,6,2007,2029
2007-06-04,1,71,58,65.0,58,60.0,0.0,0.0,418,1922,0.39,28.82,29.52,7.8,31,9.7,4,155,23,6,2007,2030
2007-06-04,2,72,56,64.0,57,60.0,1.0,0.0,418,1922,0.31,28.88,29.51,7.9,30,10.1,4,155,23,6,2007,2030
2007-06-05,1,64,47,56.0,48,51.0,9.0,0.0,417,1923,0.42,29.1,29.79,5.2,5,7.6,5,156,23,6,2007,2030
2007-06-05,2,63,51,57.0,47,52.0,8.0,0.0,417,1923,0.27,29.16,29.78,6.2,3,8.1,5,156,23,6,2007,2030
2007-06-06,1,71,44,58.0,48,55.0,7.0,0.0,417,1923,0.01,29.07,29.81,10.8,17,11.4,6,157,23,6,2007,2030
2007-06-06,2,73,48,61.0,47,55.0,4.0,0.0,417,1923,0.001,29.13,29.82,9.6,15,10.6,6,157,23,6,2007,2030
2007-06-07,1,91,71,81.0,62,69.0,0.0,16.0,417,1924,0.0,28.84,29.55,22.7,20,23.1,7,158,23,6,2007,2030
2007-06-07,2,92,71,82.0,61,68.0,0.0,17.0,417,1924,0.0,28.91,29.55,20.3,19,20.7,7,158,23,6,2007,2030
2007-06-08,1,81,57,69.0,53,61.0,0.0,4.0,417,1925,0.0,29.18,29.85,10.9,28,13.8,8,159,23,6,2007,2030
2007-06-08,2,81,63,72.0,54,62.0,0.0,7.0,417,1925,0.0,29.24,29.83,9.3,26,12.4,8,159,23,6,2007,2030
2007-06-09,1,79,52,66.0,47,57.0,0.0,1.0,416,1925,0.0,29.36,30.07,0.3,33,5.0,9,160,23,6,2007,2030
2007-06-09,2,79,57,68.0,49,58.0,0.0,3.0,416,1925,0.0,29.42,30.05,2.4,19,4.7,9,160,23,6,2007,2030
2007-06-10,1,81,55,68.0,51,59.0,0.0,3.0,416,1926,0.0,29.34,30.05,4.8,17,5.6,10,161,23,6,2007,2030
2007-06-10,2,81,61,71.0,50,60.0,0.0,6.0,416,1926,0.0,29.39,30.04,4.6,16,5.8,10,161,23,6,2007,2030
2007-06-11,1,86,58,72.0,52,61.0,0.0,7.0,416,1926,0.0,29.41,30.11,4.9,11,6.9,11,162,24,6,2007,2031
2007-06-11,2,85,65,75.0,51,61.0,0.0,10.0,416,1926,0.0,29.47,30.09,6.6,9,8.4,11,162,24,6,2007,2031
2007-06-12,1,83,62,73.0,50,60.0,0.0,8.0,416,1927,0.0,29.44,30.16,8.3,5,8.8,12,163,24,6,2007,2031
2007-06-12,2,82,66,74.0,51,61.0,0.0,9.0,416,1927,0.0,29.49,30.14,9.4,5,10.0,12,163,24,6,2007,2031
2007-06-13,1,87,60,74.0,53,62.0,0.0,9.0,416,1927,0.0,29.36,30.09,7.2,5,8.6,13,164,24,6,2007,2031
2007-06-13,2,86,68,77.0,53,62.0,0.0,12.0,416,1927,0.0,29.28,29.97,7.0,5,8.1,13,164,24,6,2007,2031
2007-06-14,1,89,64,77.0,55,64.0,0.0,12.0,416,1928,0.0,29.3,30.02,5.6,5,6.8,14,165,24,6,2007,2031
2007-06-14,2,89,68,79.0,54,63.0,0.0,14.0,416,1928,0.0,29.36,30.0,5.9,7,6.4,14,165,24,6,2007,2031
2007-06-15,1,91,63,77.0,56,64.0,0.0,12.0,416,1928,0.0,29.28,29.99,4.1,6,4.9,15,166,24,6,2007,2031
2007-06-15,2,89,67,78.0,56,65.0,0.0,13.0,416,1928,0.0,29.34,29.97,3.8,9,4.1,15,166,24,6,2007,2031
2007-06-16,1,93,66,80.0,60,67.0,0.0,15.0,416,1929,0.001,29.26,29.97,4.8,28,5.8,16,167,24,6,2007,2031
2007-06-16,2,92,68,80.0,61,68.0,0.0,15.0,416,1929,0.001,29.33,29.96,2.1,22,6.1,16,167,24,6,2007,2031
2007-06-17,1,91,70,81.0,64,70.0,0.0,16.0,416,1929,0.0,29.23,29.95,2.8,11,6.3,17,168,24,6,2007,2031
2007-06-17,2,91,71,81.0,65,70.0,0.0,16.0,416,1929,0.16,29.28,29.93,4.0,11,6.1,17,168,24,6,2007,2031
2007-06-18,1,89,69,79.0,65,70.0,0.0,14.0,416,1929,0.28,29.12,29.84,14.0,20,15.1,18,169,25,6,2007,2032
2007-06-18,2,89,73,81.0,65,70.0,0.0,16.0,416,1929,0.02,29.19,29.83,12.2,20,12.6,18,169,25,6,2007,2032
2007-06-19,1,80,65,73.0,55,63.0,0.0,8.0,416,1930,0.58,29.26,29.95,10.7,28,11.4,19,170,25,6,2007,2032
2007-06-19,2,81,65,73.0,55,63.0,0.0,8.0,416,1930,0.93,29.31,29.93,10.1,29,11.3,19,170,25,6,2007,2032
2007-06-20,1,84,61,73.0,52,61.0,0.0,8.0,416,1930,0.0,29.39,30.1,7.8,27,8.8,20,171,25,6,2007,2032
2007-06-20,2,85,62,74.0,50,61.0,0.0,9.0,416,1930,0.0,29.46,30.09,5.9,28,7.7,20,171,25,6,2007,2032
2007-06-21,1,77,61,69.0,51,60.0,0.0,4.0,416,1930,0.01,29.36,30.08,3.5,3,10.7,21,172,25,6,2007,2032
2007-06-21,2,80,66,73.0,51,61.0,0.0,8.0,416,1930,0.001,29.41,30.06,3.7,2,9.6,21,172,25,6,2007,2032
2007-06-22,1,76,61,69.0,50,58.0,0.0,4.0,417,1931,0.001,29.33,30.06,7.8,6,8.7,22,173,25,6,2007,2032
2007-06-22,2,75,62,69.0,49,58.0,0.0,4.0,417,1931,0.001,29.39,30.05,6.5,7,8.1,22,173,25,6,2007,2032
2007-06-23,1,67,62,65.0,58,61.0,0.0,0.0,417,1931,0.05,29.23,29.96,7.6,12,9.0,23,174,25,6,2007,2032
2007-06-23,2,68,61,65.0,60,62.0,0.0,0.0,417,1931,0.34,29.28,29.95,7.3,11,8.1,23,174,25,6,2007,2032
2007-06-24,1,77,63,70.0,62,65.0,0.0,5.0,417,1931,0.0,29.26,29.97,7.0,9,8.0,24,175,25,6,2007,2032
2007-06-24,2,75,65,70.0,62,65.0,0.0,5.0,417,1931,0.0,29.33,29.96,5.6,10,6.0,24,175,25,6,2007,2032
2007-06-25,1,89,65,77.0,66,70.0,0.0,12.0,417,1931,0.0,29.38,30.07,3.9,14,6.8,25,176,26,6,2007,2033
2007-06-25,2,86,67,77.0,67,70.0,0.0,12.0,417,1931,0.0,29.44,30.06,4.0,12,5.9,25,176,26,6,2007,2033
2007-06-26,1,92,70,81.0,69,72.0,0.0,16.0,418,1931,0.16,29.39,30.11,6.1,22,7.1,26,177,26,6,2007,2033
2007-06-26,2,91,73,82.0,69,72.0,0.0,17.0,418,1931,0.001,29.45,30.09,7.3,21,8.1,26,177,26,6,2007,2033
2007-06-27,1,91,71,81.0,70,72.0,0.0,16.0,418,1931,0.15,29.29,30.02,7.5,24,8.8,27,178,26,6,2007,2033
2007-06-27,2,89,71,80.0,69,72.0,0.0,15.0,418,1931,0.35,29.36,30.0,7.9,24,8.5,27,178,26,6,2007,2033
2007-06-28,1,74,58,66.0,55,60.0,0.0,1.0,419,1931,0.0,29.41,30.09,11.9,3,12.5,28,179,26,6,2007,2033
2007-06-28,2,73,61,67.0,56,61.0,0.0,2.0,419,1931,0.0,29.43,30.07,12.2,2,13.3,28,179,26,6,2007,2033
2007-06-29,1,70,56,63.0,55,59.0,2.0,0.0,419,1931,0.0,29.41,30.13,7.6,2,8.3,29,180,26,6,2007,2033
2007-06-29,2,71,56,64.0,56,60.0,1.0,0.0,419,1931,0.0,29.47,30.11,7.4,2,8.2,29,180,26,6,2007,2033
2007-06-30,1,79,54,67.0,46,56.0,0.0,2.0,419,1931,0.0,29.41,30.13,4.9,3,5.8,30,181,26,6,2007,2033
2007-06-30,2,77,58,68.0,49,58.0,0.0,3.0,419,1931,0.0,29.46,30.11,5.1,4,6.2,30,181,26,6,2007,2033
2007-07-01,1,75,54,65.0,52,58.0,0.0,0.0,420,1931,0.0,29.51,30.23,8.6,4,8.6,1,182,26,7,2007,2033
2007-07-01,2,76,61,69.0,51,59.0,0.0,4.0,420,1931,0.0,29.56,30.21,9.5,4,9.7,1,182,26,7,2007,2033
2007-07-02,1,79,53,66.0,50,58.0,0.0,1.0,420,1931,0.0,29.49,30.22,5.9,14,8.1,2,183,27,7,2007,2034
2007-07-02,2,77,58,68.0,50,59.0,0.0,3.0,420,1931,0.0,29.55,30.21,7.4,12,8.5,2,183,27,7,2007,2034
2007-07-03,1,83,60,72.0,57,63.0,0.0,7.0,421,1931,0.4,29.31,30.06,6.7,21,7.3,3,184,27,7,2007,2034
2007-07-03,2,83,63,73.0,56,63.0,0.0,8.0,421,1931,0.09,29.38,30.05,6.4,21,7.4,3,184,27,7,2007,2034
2007-07-04,1,86,67,77.0,65,69.0,0.0,12.0,422,1930,0.16,29.18,29.9,4.6,27,8.2,4,185,27,7,2007,2034
2007-07-04,2,84,67,76.0,65,69.0,0.0,11.0,422,1930,0.66,29.23,29.88,3.1,25,8.8,4,185,27,7,2007,2034
2007-07-05,1,89,71,80.0,60,67.0,0.0,15.0,422,1930,0.0,29.24,29.94,6.4,31,8.1,5,186,27,7,2007,2034
2007-07-05,2,88,70,79.0,60,67.0,0.0,14.0,422,1930,0.0,29.29,29.92,4.3,33,6.9,5,186,27,7,2007,2034
2007-07-06,1,86,66,76.0,57,64.0,0.0,11.0,423,1930,0.0,29.32,30.03,3.2,5,5.5,6,187,27,7,2007,2034
2007-07-06,2,84,68,76.0,57,65.0,0.0,11.0,423,1930,0.0,29.38,30.01,3.3,7,5.5,6,187,27,7,2007,2034
2007-07-07,1,90,64,77.0,63,69.0,0.0,12.0,423,1930,0.0,29.18,29.91,8.4,22,8.6,7,188,27,7,2007,2034
2007-07-07,2,88,68,78.0,62,68.0,0.0,13.0,423,1930,0.0,29.24,29.9,7.4,23,8.1,7,188,27,7,2007,2034
2007-07-08,1,94,75,85.0,67,72.0,0.0,20.0,424,1929,0.0,29.05,29.77,12.9,24,13.1,8,189,27,7,2007,2034
2007-07-08,2,93,75,84.0,67,72.0,0.0,19.0,424,1929,0.0,29.12,29.76,12.6,23,12.7,8,189,27,7,2007,2034
2007-07-09,1,94,70,82.0,66,70.0,0.0,17.0,425,1929,0.3,29.11,29.8,4.9,24,8.8,9,190,28,7,2007,2035
2007-07-09,2,93,72,83.0,67,71.0,0.0,18.0,425,1929,0.24,29.16,29.79,4.8,23,8.8,9,190,28,7,2007,2035
2007-07-10,1,89,69,79.0,67,70.0,0.0,14.0,425,1929,0.43,29.06,29.77,8.6,23,10.5,10,191,28,7,2007,2035
2007-07-10,2,89,70,80.0,67,71.0,0.0,15.0,425,1929,0.08,29.13,29.76,8.2,23,10.2,10,191,28,7,2007,2035
2007-07-11,1,77,62,70.0,51,59.0,0.0,5.0,426,1928,0.0,29.23,29.93,8.8,30,10.9,11,192,28,7,2007,2035
2007-07-11,2,77,63,70.0,51,59.0,0.0,5.0,426,1928,0.0,29.28,29.92,9.1,30,11.2,11,192,28,7,2007,2035
2007-07-12,1,80,61,71.0,51,59.0,0.0,6.0,427,1928,0.0,29.22,29.93,9.4,29,11.1,12,193,28,7,2007,2035
2007-07-12,2,80,60,70.0,51,60.0,0.0,5.0,427,1928,0.0,29.28,29.92,10.0,28,11.4,12,193,28,7,2007,2035
2007-07-13,1,78,58,68.0,52,58.0,0.0,3.0,428,1927,0.0,29.26,29.98,1.4,1,5.3,13,194,28,7,2007,2035
2007-07-13,2,74,59,67.0,53,59.0,0.0,2.0,428,1927,0.0,29.33,29.98,2.0,7,5.8,13,194,28,7,2007,2035
2007-07-14,1,84,61,73.0,55,62.0,0.0,8.0,428,1927,0.0,29.08,29.79,8.3,26,13.2,14,195,28,7,2007,2035
2007-07-14,2,85,62,74.0,55,62.0,0.0,9.0,428,1927,0.0,29.14,29.79,8.4,25,13.9,14,195,28,7,2007,2035
2007-07-15,1,82,60,71.0,53,61.0,0.0,6.0,429,1926,0.0,29.19,29.89,2.1,29,4.9,15,196,28,7,2007,2035
2007-07-15,2,80,64,72.0,52,61.0,0.0,7.0,429,1926,0.0,29.25,29.88,1.2,9,6.5,15,196,28,7,2007,2035
2007-07-16,1,82,65,74.0,60,65.0,0.0,9.0,430,1925,0.39,29.25,29.96,4.4,24,5.2,16,197,29,7,2007,2036
2007-07-16,2,82,66,74.0,60,65.0,0.0,9.0,430,1925,0.07,29.31,29.94,5.6,23,6.6,16,197,29,7,2007,2036
2007-07-17,1,83,68,76.0,66,69.0,0.0,11.0,431,1925,0.11,29.18,29.9,5.2,23,6.5,17,198,29,7,2007,2036
2007-07-17,2,83,69,76.0,65,69.0,0.0,11.0,431,1925,0.11,29.24,29.89,6.3,23,7.4,17,198,29,7,2007,2036
2007-07-18,1,85,69,77.0,68,71.0,0.0,12.0,432,1924,1.55,29.11,29.84,9.1,24,10.1,18,199,29,7,2007,2036
2007-07-18,2,85,69,77.0,69,71.0,0.0,12.0,432,1924,0.92,29.18,29.83,10.3,24,10.6,18,199,29,7,2007,2036
2007-07-19,1,83,63,73.0,63,66.0,0.0,8.0,433,1923,0.16,29.21,29.9,7.0,1,11.9,19,200,29,7,2007,2036
2007-07-19,2,82,63,73.0,62,66.0,0.0,8.0,433,1923,0.01,29.26,29.88,7.7,36,14.4,19,200,29,7,2007,2036
2007-07-20,1,75,58,67.0,53,59.0,0.0,2.0,433,1923,0.0,29.44,30.14,8.6,3,9.1,20,201,29,7,2007,2036
2007-07-20,2,74,62,68.0,52,59.0,0.0,3.0,433,1923,0.0,29.49,30.12,11.3,4,11.5,20,201,29,7,2007,2036
2007-07-21,1,74,58,66.0,52,58.0,0.0,1.0,434,1922,0.0,29.51,30.22,6.5,3,7.4,21,202,29,7,2007,2036
2007-07-21,2,75,58,67.0,52,59.0,0.0,2.0,434,1922,0.0,29.57,30.21,5.8,4,7.4,21,202,29,7,2007,2036
2007-07-22,1,81,58,70.0,55,61.0,0.0,5.0,435,1921,0.0,29.49,30.21,1.7,16,3.3,22,203,29,7,2007,2036
2007-07-22,2,81,61,71.0,54,61.0,0.0,6.0,435,1921,0.0,29.54,30.2,1.9,18,3.5,22,203,29,7,2007,2036
2007-07-23,1,83,60,72.0,55,63.0,0.0,7.0,436,1920,0.0,29.37,30.1,3.2,9,4.0,23,204,30,7,2007,2037
2007-07-23,2,82,63,73.0,55,63.0,0.0,8.0,436,1920,0.0,29.42,30.09,2.9,12,3.9,23,204,30,7,2007,2037
2007-07-24,1,82,65,74.0,58,64.0,0.0,9.0,437,1919,0.0,29.32,30.04,3.1,20,5.2,24,205,30,7,2007,2037
2007-07-24,2,82,65,74.0,57,64.0,0.0,9.0,437,1919,0.001,29.38,30.03,1.1,21,4.9,24,205,30,7,2007,2037
2007-07-25,1,85,71,78.0,61,67.0,0.0,13.0,438,1918,0.001,29.29,30.0,5.8,25,6.6,25,206,30,7,2007,2037
2007-07-25,2,83,70,77.0,60,66.0,0.0,12.0,438,1918,0.0,29.35,29.99,6.4,23,7.0,25,206,30,7,2007,2037
2007-07-26,1,83,66,75.0,65,68.0,0.0,10.0,439,1918,0.19,29.19,29.92,7.2,22,9.4,26,207,30,7,2007,2037
2007-07-26,2,84,64,74.0,65,68.0,0.0,9.0,439,1918,0.89,29.25,29.91,7.2,22,9.9,26,207,30,7,2007,2037
2007-07-27,1,83,70,77.0,68,70.0,0.0,12.0,440,1917,0.17,29.11,29.82,3.0,3,7.9,27,208,30,7,2007,2037
2007-07-27,2,83,70,77.0,67,70.0,0.0,12.0,440,1917,0.04,29.16,29.8,1.2,36,8.1,27,208,30,7,2007,2037
2007-07-28,1,80,66,73.0,65,68.0,0.0,8.0,441,1916,0.0,29.23,29.93,10.0,3,10.2,28,209,30,7,2007,2037
2007-07-28,2,80,70,75.0,65,68.0,0.0,10.0,441,1916,0.0,29.28,29.91,10.6,3,10.7,28,209,30,7,2007,2037
2007-07-29,1,85,63,74.0,57,64.0,0.0,9.0,442,1915,0.0,29.28,29.99,4.8,5,5.7,29,210,30,7,2007,2037
2007-07-29,2,85,67,76.0,56,64.0,0.0,11.0,442,1915,0.0,29.34,29.97,6.3,5,6.9,29,210,30,7,2007,2037
2007-07-30,1,89,62,76.0,55,64.0,0.0,11.0,443,1914,0.0,29.33,30.03,3.8,6,4.3,30,211,31,7,2007,2038
2007-07-30,2,86,65,76.0,57,65.0,0.0,11.0,443,1914,0.0,29.39,30.01,3.1,6,4.6,30,211,31,7,2007,2038
2007-07-31,1,91,68,80.0,61,68.0,0.0,15.0,444,1913,0.0,29.33,30.04,3.3,4,4.9,31,212,31,7,2007,2038
2007-07-31,2,89,69,79.0,60,68.0,0.0,14.0,444,1913,0.0,29.39,30.02,4.0,7,5.0,31,212,31,7,2007,2038
2007-08-01,1,92,69,81.0,62,69.0,0.0,16.0,445,1911,0.0,29.29,30.0,3.5,9,4.1,1,213,31,8,2007,2038
2007-08-01,2,91,69,80.0,63,70.0,0.0,15.0,445,1911,0.0,29.34,29.98,2.1,13,3.7,1,213,31,8,2007,2038
2007-08-02,1,91,70,81.0,66,71.0,0.0,16.0,446,1910,0.0,29.26,29.97,5.5,26,5.9,2,214,31,8,2007,2038
2007-08-02,2,91,73,82.0,66,72.0,0.0,17.0,446,1910,0.0,29.31,29.95,6.5,23,7.2,2,214,31,8,2007,2038
2007-08-03,1,90,69,80.0,56,66.0,0.0,15.0,447,1909,0.0,29.31,30.02,2.7,3,5.7,3,215,31,8,2007,2038
2007-08-03,2,88,73,81.0,58,67.0,0.0,16.0,447,1909,0.0,29.36,30.0,3.3,6,5.8,3,215,31,8,2007,2038
2007-08-04,1,81,64,73.0,58,64.0,0.0,8.0,448,1908,0.03,29.31,30.03,5.7,8,6.1,4,216,31,8,2007,2038
2007-08-04,2,81,68,75.0,58,65.0,0.0,10.0,448,1908,0.02,29.36,30.01,5.9,9,6.6,4,216,31,8,2007,2038
2007-08-05,1,88,67,78.0,71,73.0,0.0,13.0,449,1907,1.43,29.08,29.81,5.4,21,9.6,5,217,31,8,2007,2038
2007-08-05,2,88,68,78.0,71,72.0,0.0,13.0,449,1907,0.97,29.15,29.79,7.0,22,10.2,5,217,31,8,2007,2038
2007-08-06,1,88,74,81.0,72,74.0,0.0,16.0,450,1906,0.26,29.13,29.83,1.6,10,4.9,6,218,32,8,2007,2039
2007-08-06,2,85,75,80.0,72,74.0,0.0,15.0,450,1906,0.05,29.17,29.81,2.6,10,4.6,6,218,32,8,2007,2039
2007-08-07,1,91,72,82.0,73,76.0,0.0,17.0,451,1904,1.31,29.06,29.76,6.2,25,9.0,7,219,32,8,2007,2039
2007-08-07,2,92,73,83.0,73,76.0,0.0,18.0,451,1904,0.06,29.11,29.74,6.3,24,8.8,7,219,32,8,2007,2039
2007-08-08,1,87,73,80.0,71,73.0,0.0,15.0,452,1903,0.06,29.13,29.83,3.0,3,6.9,8,220,32,8,2007,2039
2007-08-08,2,87,74,81.0,72,74.0,0.0,16.0,452,1903,0.09,29.18,29.81,1.5,4,6.4,8,220,32,8,2007,2039
2007-08-09,1,84,72,78.0,71,73.0,0.0,13.0,453,1902,0.05,29.13,29.84,2.5,29,6.0,9,221,32,8,2007,2039
2007-08-09,2,85,73,79.0,71,73.0,0.0,14.0,453,1902,0.46,29.19,29.82,3.1,27,6.3,9,221,32,8,2007,2039
2007-08-10,1,86,70,78.0,68,72.0,0.0,13.0,454,1900,0.0,29.26,29.96,4.5,2,5.9,10,222,32,8,2007,2039
2007-08-10,2,86,73,80.0,69,72.0,0.0,15.0,454,1900,0.0,29.32,29.94,3.0,6,5.4,10,222,32,8,2007,2039
2007-08-11,1,89,67,78.0,65,70.0,0.0,13.0,455,1859,0.0,29.31,30.02,3.2,19,3.9,11,223,32,8,2007,2039
2007-08-11,2,88,68,78.0,65,70.0,0.0,13.0,455,1859,0.0,29.38,30.0,3.1,20,3.9,11,223,32,8,2007,2039
2007-08-12,1,88,67,78.0,67,71.0,0.0,13.0,456,1858,0.29,29.34,30.06,1.7,6,5.4,12,224,32,8,2007,2039
2007-08-12,2,87,68,78.0,67,70.0,0.0,13.0,456,1858,0.23,29.4,30.04,1.9,6,6.6,12,224,32,8,2007,2039
2007-08-13,1,81,65,73.0,57,64.0,0.0,8.0,457,1856,0.0,29.39,30.11,6.2,6,6.9,13,225,33,8,2007,2040
2007-08-13,2,80,69,75.0,54,63.0,0.0,10.0,457,1856,0.0,29.44,30.08,6.9,8,7.7,13,225,33,8,2007,2040
2007-08-14,1,84,65,75.0,67,70.0,0.0,10.0,458,1855,0.41,29.23,29.93,5.9,25,8.0,14,226,33,8,2007,2040
2007-08-14,2,84,65,75.0,66,69.0,0.0,10.0,458,1855,0.45,29.29,29.92,6.4,23,9.0,14,226,33,8,2007,2040
2007-08-15,1,80,71,76.0,67,70.0,0.0,11.0,459,1854,0.23,29.17,29.89,3.4,7,5.8,15,227,33,8,2007,2040
2007-08-15,2,81,72,77.0,69,71.0,0.0,12.0,459,1854,0.83,29.23,29.87,4.9,6,7.1,15,227,33,8,2007,2040
2007-08-16,1,77,65,71.0,64,67.0,0.0,6.0,500,1852,0.0,29.28,29.97,3.6,1,5.7,16,228,33,8,2007,2040
2007-08-16,2,77,67,72.0,65,68.0,0.0,7.0,500,1852,0.0,29.33,29.95,3.5,1,5.7,16,228,33,8,2007,2040
2007-08-17,1,79,60,70.0,54,61.0,0.0,5.0,501,1851,0.0,29.41,30.1,5.9,32,6.8,17,229,33,8,2007,2040
2007-08-17,2,80,65,73.0,54,62.0,0.0,8.0,501,1851,0.0,29.46,30.08,6.1,31,7.4,17,229,33,8,2007,2040
2007-08-18,1,68,59,64.0,54,58.0,1.0,0.0,502,1849,0.09,29.44,30.16,6.4,12,8.1,18,230,33,8,2007,2040
2007-08-18,2,69,60,65.0,54,58.0,0.0,0.0,502,1849,0.42,29.48,30.15,6.1,13,7.0,18,230,33,8,2007,2040
2007-08-19,1,68,62,65.0,62,64.0,0.0,0.0,503,1848,1.33,29.24,29.99,6.0,10,7.4,19,231,33,8,2007,2040
2007-08-19,2,69,62,66.0,63,64.0,0.0,1.0,503,1848,1.33,29.3,29.98,5.5,10,7.5,19,231,33,8,2007,2040
2007-08-20,1,78,68,73.0,68,69.0,0.0,8.0,504,1846,0.91,29.15,29.87,0.5,12,5.7,20,232,34,8,2007,2041
2007-08-20,2,76,68,72.0,69,70.0,0.0,7.0,504,1846,0.48,29.21,29.85,2.4,20,5.9,20,232,34,8,2007,2041
2007-08-21,1,87,69,78.0,70,72.0,0.0,13.0,505,1845,0.001,29.21,29.91,3.8,18,6.0,21,233,34,8,2007,2041
2007-08-21,2,85,69,77.0,70,72.0,0.0,12.0,505,1845,0.01,29.26,29.89,3.5,17,6.0,21,233,34,8,2007,2041
2007-08-22,1,90,69,80.0,71,73.0,0.0,15.0,506,1843,0.37,29.23,29.94,5.3,21,9.5,22,234,34,8,2007,2041
2007-08-22,2,90,70,80.0,70,73.0,0.0,15.0,506,1843,0.88,29.29,29.93,5.1,21,8.4,22,234,34,8,2007,2041
2007-08-23,1,87,69,78.0,69,71.0,0.0,13.0,508,1842,2.35,29.15,29.87,9.6,21,11.7,23,235,34,8,2007,2041
2007-08-23,2,89,70,80.0,69,71.0,0.0,15.0,508,1842,1.96,29.21,29.86,6.7,21,9.1,23,235,34,8,2007,2041
2007-08-24,1,80,69,75.0,67,69.0,0.0,10.0,509,1840,0.24,29.11,29.82,5.8,25,7.1,24,236,34,8,2007,2041
2007-08-24,2,81,69,75.0,67,69.0,0.0,10.0,509,1840,0.2,29.16,29.81,5.5,25,7.3,24,236,34,8,2007,2041
2007-08-25,1,79,64,72.0,63,66.0,0.0,7.0,510,1839,0.34,29.23,29.93,3.0,36,5.6,25,237,34,8,2007,2041
2007-08-25,2,76,65,71.0,63,66.0,0.0,6.0,510,1839,0.25,29.29,29.91,2.4,3,6.4,25,237,34,8,2007,2041
2007-08-26,1,79,60,70.0,55,61.0,0.0,5.0,511,1837,0.0,29.38,30.08,3.6,11,5.4,26,238,34,8,2007,2041
2007-08-26,2,78,61,70.0,55,62.0,0.0,5.0,511,1837,0.0,29.44,30.07,3.7,11,4.6,26,238,34,8,2007,2041
2007-08-27,1,79,60,70.0,60,64.0,0.0,5.0,512,1835,0.0,29.36,30.07,6.5,17,7.4,27,239,35,8,2007,2042
2007-08-27,2,79,63,71.0,59,64.0,0.0,6.0,512,1835,0.0,29.41,30.06,6.4,16,7.3,27,239,35,8,2007,2042
2007-08-28,1,91,67,79.0,66,70.0,0.0,14.0,513,1834,0.0,29.28,29.99,9.0,20,9.5,28,240,35,8,2007,2042
2007-08-28,2,90,69,80.0,65,70.0,0.0,15.0,513,1834,0.0,29.34,29.98,7.8,21,8.3,28,240,35,8,2007,2042
2007-08-29,1,85,68,77.0,65,69.0,0.0,12.0,514,1832,0.001,29.34,30.04,5.6,3,8.2,29,241,35,8,2007,2042
2007-08-29,2,86,69,78.0,64,69.0,0.0,13.0,514,1832,0.001,29.39,30.02,5.3,3,8.8,29,241,35,8,2007,2042
2007-08-30,1,75,57,66.0,54,60.0,0.0,1.0,515,1831,0.0,29.47,30.18,9.1,2,9.9,30,242,35,8,2007,2042
2007-08-30,2,75,60,68.0,54,61.0,0.0,3.0,515,1831,0.0,29.51,30.15,10.8,3,10.9,30,242,35,8,2007,2042
2007-08-31,1,77,57,67.0,52,59.0,0.0,2.0,516,1829,0.0,29.47,30.19,3.9,4,5.2,31,243,35,8,2007,2042
2007-08-31,2,76,57,67.0,54,60.0,0.0,2.0,516,1829,0.0,29.52,30.17,3.0,6,4.6,31,243,35,8,2007,2042
2007-09-01,1,81,57,69.0,55,61.0,0.0,4.0,517,1827,0.0,29.49,30.22,4.2,11,5.0,1,244,35,9,2007,2042
2007-09-01,2,79,60,70.0,56,62.0,0.0,5.0,517,1827,0.0,29.54,30.2,4.4,11,4.4,1,244,35,9,2007,2042
2007-09-02,1,85,61,73.0,57,63.0,0.0,8.0,518,1826,0.0,29.41,30.15,4.2,21,5.0,2,245,35,9,2007,2042
2007-09-02,2,84,62,73.0,56,63.0,0.0,8.0,518,1826,0.0,29.47,30.13,4.8,21,6.0,2,245,35,9,2007,2042
2007-09-03,1,88,66,77.0,61,67.0,0.0,12.0,519,1824,0.0,29.36,30.09,2.0,27,5.8,3,246,36,9,2007,2043
2007-09-03,2,88,64,76.0,61,67.0,0.0,11.0,519,1824,0.0,29.42,30.07,3.0,25,6.2,3,246,36,9,2007,2043
2007-09-04,1,89,63,76.0,60,66.0,0.0,11.0,520,1822,0.0,29.28,30.0,2.8,22,4.3,4,247,36,9,2007,2043
2007-09-04,2,90,67,79.0,59,67.0,0.0,14.0,520,1822,0.0,29.34,29.99,2.2,24,5.0,4,247,36,9,2007,2043
2007-09-05,1,90,66,78.0,63,69.0,0.0,13.0,521,1821,0.001,29.24,29.96,6.4,19,6.5,5,248,36,9,2007,2043
2007-09-05,2,91,72,82.0,62,69.0,0.0,17.0,521,1821,0.0,29.31,29.94,6.4,19,6.7,5,248,36,9,2007,2043
2007-09-06,1,82,73,78.0,67,70.0,0.0,13.0,522,1819,0.18,29.21,29.92,11.9,20,12.1,6,249,36,9,2007,2043
2007-09-06,2,84,74,79.0,66,70.0,0.0,14.0,522,1819,0.08,29.27,29.91,12.8,20,13.0,6,249,36,9,2007,2043
2007-09-07,1,84,70,77.0,68,70.0,0.0,12.0,523,1817,0.19,29.15,29.85,10.4,23,13.9,7,250,36,9,2007,2043
2007-09-07,2,84,71,78.0,67,70.0,0.0,13.0,523,1817,0.67,29.21,29.84,9.5,23,13.0,7,250,36,9,2007,2043
2007-09-08,1,78,64,71.0,57,63.0,0.0,6.0,524,1815,0.0,29.3,30.0,6.0,5,7.2,8,251,36,9,2007,2043
2007-09-08,2,78,68,73.0,58,64.0,0.0,8.0,524,1815,0.0,29.34,29.98,8.4,5,9.4,8,251,36,9,2007,2043
2007-09-09,1,80,63,72.0,59,63.0,0.0,7.0,525,1814,0.0,29.36,30.06,9.2,3,9.9,9,252,36,9,2007,2043
2007-09-09,2,79,63,71.0,59,64.0,0.0,6.0,525,1814,0.0,29.41,30.03,10.1,3,10.9,9,252,36,9,2007,2043
2007-09-10,1,74,54,64.0,58,60.0,1.0,0.0,526,1812,0.36,29.3,30.04,7.2,2,9.0,10,253,37,9,2007,2044
2007-09-10,2,73,55,64.0,59,62.0,1.0,0.0,526,1812,0.25,29.34,30.01,7.4,3,9.7,10,253,37,9,2007,2044
2007-09-11,1,71,50,61.0,44,52.0,4.0,0.0,527,1810,0.001,29.2,29.92,11.7,29,13.5,11,254,37,9,2007,2044
2007-09-11,2,71,51,61.0,44,52.0,4.0,0.0,527,1810,0.001,29.26,29.91,12.1,29,13.7,11,254,37,9,2007,2044
2007-09-12,1,67,46,57.0,42,49.0,8.0,0.0,528,1809,0.0,29.4,30.12,1.8,3,5.6,12,255,37,9,2007,2044
2007-09-12,2,66,46,56.0,43,50.0,9.0,0.0,528,1809,0.0,29.46,30.11,1.9,5,6.0,12,255,37,9,2007,2044
2007-09-13,1,78,50,64.0,45,54.0,1.0,0.0,529,1807,0.0,29.23,29.99,8.3,19,8.5,13,256,37,9,2007,2044
2007-09-13,2,79,53,66.0,43,54.0,0.0,1.0,529,1807,0.0,29.3,29.98,7.1,20,7.7,13,256,37,9,2007,2044
2007-09-14,1,66,45,56.0,39,48.0,9.0,0.0,530,1805,0.0,29.36,30.05,12.1,32,13.4,14,257,37,9,2007,2044
2007-09-14,2,67,47,57.0,40,49.0,8.0,0.0,530,1805,0.0,29.41,30.04,11.7,32,13.0,14,257,37,9,2007,2044
2007-09-15,1,61,39,50.0,33,43.0,15.0,0.0,531,1803,0.0,29.56,30.28,1.4,33,5.9,15,258,37,9,2007,2044
2007-09-15,2,62,42,52.0,35,45.0,13.0,0.0,531,1803,0.0,29.62,30.28,1.1,35,6.6,15,258,37,9,2007,2044
2007-09-16,1,71,44,58.0,40,49.0,7.0,0.0,532,1760,0.0,29.46,30.19,6.8,18,7.4,16,259,37,9,2007,2044
2007-09-16,2,72,49,61.0,38,50.0,4.0,0.0,532,1760,0.0,29.52,30.2,7.7,18,8.2,16,259,37,9,2007,2044
2007-09-17,1,80,52,66.0,49,57.0,0.0,1.0,533,1758,0.0,29.39,30.12,11.7,17,12.1,17,260,38,9,2007,2045
2007-09-17,2,80,55,68.0,48,57.0,0.0,3.0,533,1758,0.0,29.46,30.12,10.6,17,11.0,17,260,38,9,2007,2045
2007-09-18,1,88,63,76.0,58,65.0,0.0,11.0,535,1756,0.0,29.34,30.06,12.9,19,13.1,18,261,38,9,2007,2045
2007-09-18,2,89,66,78.0,57,65.0,0.0,13.0,535,1756,0.0,29.41,30.05,12.5,19,12.8,18,261,38,9,2007,2045
2007-09-19,1,84,65,75.0,59,65.0,0.0,10.0,536,1755,0.0,29.41,30.11,5.0,26,9.7,19,262,38,9,2007,2045
2007-09-19,2,84,68,76.0,59,65.0,0.0,11.0,536,1755,0.0,29.47,30.09,3.5,25,9.0,19,262,38,9,2007,2045
2007-09-20,1,78,60,69.0,59,63.0,0.0,4.0,537,1753,0.0,29.39,30.12,5.3,7,6.6,20,263,38,9,2007,2045
2007-09-20,2,76,63,70.0,59,64.0,0.0,5.0,537,1753,0.0,29.44,30.1,5.6,8,6.1,20,263,38,9,2007,2045
2007-09-21,1,88,64,76.0,59,66.0,0.0,11.0,538,1751,0.0,29.18,29.9,10.3,21,12.4,21,264,38,9,2007,2045
2007-09-21,2,90,68,79.0,59,66.0,0.0,14.0,538,1751,0.0,29.23,29.89,9.8,22,11.5,21,264,38,9,2007,2045
2007-09-22,1,74,51,63.0,43,53.0,2.0,0.0,539,1749,0.0,29.42,30.12,2.6,3,6.8,22,265,38,9,2007,2045
2007-09-22,2,72,58,65.0,45,55.0,0.0,0.0,539,1749,0.0,29.48,30.1,4.3,1,7.7,22,265,38,9,2007,2045
2007-09-23,1,84,50,67.0,50,58.0,0.0,2.0,540,1748,0.0,29.43,30.16,4.6,13,5.3,23,266,38,9,2007,2045
2007-09-23,2,83,55,69.0,50,59.0,0.0,4.0,540,1748,0.0,29.49,30.15,5.9,12,6.4,23,266,38,9,2007,2045
2007-09-24,1,90,68,79.0,63,68.0,0.0,14.0,541,1746,0.0,29.27,29.99,11.4,19,11.9,24,267,39,9,2007,2046
2007-09-24,2,91,71,81.0,62,69.0,0.0,16.0,541,1746,0.0,29.34,29.98,10.0,19,10.5,24,267,39,9,2007,2046
2007-09-25,1,85,63,74.0,65,69.0,0.0,9.0,542,1744,0.27,29.23,29.95,7.9,23,10.5,25,268,39,9,2007,2046
2007-09-25,2,83,67,75.0,66,69.0,0.0,10.0,542,1744,0.01,29.29,29.93,7.3,23,9.4,25,268,39,9,2007,2046
2007-09-26,1,69,53,61.0,50,55.0,4.0,0.0,543,1742,0.09,29.31,30.03,4.3,1,6.6,26,269,39,9,2007,2046
2007-09-26,2,68,55,62.0,51,56.0,3.0,0.0,543,1742,0.14,29.37,30.02,4.8,2,7.3,26,269,39,9,2007,2046
2007-09-27,1,75,49,62.0,49,55.0,3.0,0.0,544,1741,0.001,29.26,29.97,4.9,24,6.5,27,270,39,9,2007,2046
2007-09-27,2,74,52,63.0,49,55.0,2.0,0.0,544,1741,0.001,29.31,29.97,4.5,25,5.8,27,270,39,9,2007,2046
2007-09-28,1,73,53,63.0,46,53.0,2.0,0.0,545,1739,0.0,29.47,30.17,2.3,4,7.1,28,271,39,9,2007,2046
2007-09-28,2,73,53,63.0,46,54.0,2.0,0.0,545,1739,0.0,29.52,30.16,3.1,7,6.6,28,271,39,9,2007,2046
2007-09-29,1,80,50,65.0,46,55.0,0.0,0.0,546,1737,0.0,29.5,30.23,9.5,17,9.8,29,272,39,9,2007,2046
2007-09-29,2,82,52,67.0,45,55.0,0.0,2.0,546,1737,0.0,29.57,30.23,8.4,17,8.8,29,272,39,9,2007,2046
2007-09-30,1,83,59,71.0,49,59.0,0.0,6.0,547,1735,0.14,29.36,30.1,14.4,19,14.6,30,273,39,9,2007,2046
2007-09-30,2,84,61,73.0,48,59.0,0.0,8.0,547,1735,0.14,29.44,30.1,12.9,19,13.2,30,273,39,9,2007,2046
2007-10-01,1,69,59,64.0,59,61.0,1.0,0.0,548,1734,0.29,29.28,30.0,6.1,22,8.1,1,274,40,10,2007,2047
2007-10-01,2,68,59,64.0,59,61.0,1.0,0.0,548,1734,0.17,29.35,30.0,7.9,21,8.9,1,274,40,10,2007,2047
2007-10-02,1,78,57,68.0,59,63.0,0.0,3.0,549,1732,0.09,29.18,29.92,10.8,19,11.1,2,275,40,10,2007,2047
2007-10-02,2,80,59,70.0,59,63.0,0.0,5.0,549,1732,0.11,29.25,29.92,10.0,19,10.3,2,275,40,10,2007,2047
2007-10-03,1,74,55,65.0,48,56.0,0.0,0.0,550,1730,0.0,29.28,29.98,5.9,26,7.1,3,276,40,10,2007,2047
2007-10-03,2,74,56,65.0,47,56.0,0.0,0.0,550,1730,0.001,29.34,29.97,4.8,25,7.1,3,276,40,10,2007,2047
2007-10-04,1,82,51,67.0,56,61.0,0.0,2.0,552,1729,0.0,29.34,30.04,3.9,17,4.6,4,277,40,10,2007,2047
2007-10-04,2,83,56,70.0,56,62.0,0.0,5.0,552,1729,0.0,29.39,30.03,4.6,17,5.9,4,277,40,10,2007,2047
2007-10-05,1,84,62,73.0,65,68.0,0.0,8.0,553,1727,0.0,29.36,30.08,7.0,17,7.0,5,278,40,10,2007,2047
2007-10-05,2,85,68,77.0,65,69.0,0.0,12.0,553,1727,0.06,29.42,30.06,6.8,18,7.0,5,278,40,10,2007,2047
2007-10-06,1,87,69,78.0,67,70.0,0.0,13.0,554,1725,0.0,29.33,30.04,6.9,20,7.4,6,279,40,10,2007,2047
2007-10-06,2,88,71,80.0,66,71.0,0.0,15.0,554,1725,0.0,29.39,30.03,6.4,21,6.7,6,279,40,10,2007,2047
2007-10-07,1,87,67,77.0,66,70.0,0.0,12.0,555,1724,0.0,29.31,30.03,5.2,19,5.9,7,280,40,10,2007,2047
2007-10-07,2,88,70,79.0,65,70.0,0.0,14.0,555,1724,0.0,29.38,30.01,5.3,19,5.9,7,280,40,10,2007,2047
2007-10-08,1,87,60,74.0,61,66.0,0.0,9.0,556,1722,0.0,29.23,29.93,7.7,24,10.1,8,281,41,10,2007,2048
2007-10-08,2,88,62,75.0,60,66.0,0.0,10.0,556,1722,0.0,29.28,29.92,7.3,24,9.9,8,281,41,10,2007,2048
2007-10-09,1,76,49,63.0,44,53.0,2.0,0.0,557,1720,0.0,29.21,29.94,11.5,28,12.8,9,282,41,10,2007,2048
2007-10-09,2,77,50,64.0,44,53.0,1.0,0.0,557,1720,0.0,29.27,29.93,12.1,28,13.3,9,282,41,10,2007,2048
2007-10-10,1,54,47,51.0,38,44.0,14.0,0.0,558,1719,0.001,29.21,29.93,15.1,31,15.5,10,283,41,10,2007,2048
2007-10-10,2,53,47,50.0,37,44.0,15.0,0.0,558,1719,0.001,29.26,29.93,14.4,31,14.6,10,283,41,10,2007,2048
2007-10-11,1,54,46,50.0,39,45.0,15.0,0.0,559,1717,0.0,29.28,30.01,11.9,36,12.9,11,284,41,10,2007,2048
2007-10-11,2,56,48,52.0,39,45.0,13.0,0.0,559,1717,0.0,29.34,30.0,14.6,36,15.5,11,284,41,10,2007,2048
2007-10-12,1,56,41,49.0,35,43.0,16.0,0.0,600,1715,0.0,29.28,30.02,3.4,35,4.6,12,285,41,10,2007,2048
2007-10-12,2,57,45,51.0,35,43.0,14.0,0.0,600,1715,0.0,29.34,30.02,2.8,36,5.4,12,285,41,10,2007,2048
2007-10-13,1,59,40,50.0,41,47.0,15.0,0.0,602,1714,0.0,29.31,30.04,2.7,20,3.5,13,286,41,10,2007,2048
2007-10-13,2,59,44,52.0,40,47.0,13.0,0.0,602,1714,0.0,29.38,30.04,3.6,21,4.7,13,286,41,10,2007,2048
2007-10-14,1,61,53,57.0,49,53.0,8.0,0.0,603,1712,0.15,29.34,30.06,5.6,11,6.6,14,287,41,10,2007,2048
2007-10-14,2,63,55,59.0,47,52.0,6.0,0.0,603,1712,0.01,29.4,30.06,5.7,12,6.0,14,287,41,10,2007,2048
2007-10-15,1,74,51,63.0,52,57.0,2.0,0.0,604,1711,0.07,29.21,29.95,4.1,14,5.6,15,288,42,10,2007,2049
2007-10-15,2,77,55,66.0,50,57.0,0.0,1.0,604,1711,0.04,29.26,29.94,6.6,16,6.9,15,288,42,10,2007,2049
2007-10-16,1,67,52,60.0,54,57.0,5.0,0.0,605,1709,0.24,29.16,29.88,6.4,21,7.5,16,289,42,10,2007,2049
2007-10-16,2,68,56,62.0,55,58.0,3.0,0.0,605,1709,0.19,29.23,29.88,6.5,21,7.3,16,289,42,10,2007,2049
2007-10-17,1,72,47,60.0,53,57.0,5.0,0.0,606,1707,0.04,29.07,29.83,9.3,14,9.8,17,290,42,10,2007,2049
2007-10-17,2,74,50,62.0,53,57.0,3.0,0.0,606,1707,0.11,29.13,29.83,8.6,14,9.1,17,290,42,10,2007,2049
2007-10-18,1,78,59,69.0,56,61.0,0.0,4.0,607,1706,0.3,28.59,29.34,17.2,19,18.9,18,291,42,10,2007,2049
2007-10-18,2,79,60,70.0,57,62.0,0.0,5.0,607,1706,0.34,28.67,29.34,15.5,19,17.2,18,291,42,10,2007,2049
2007-10-19,1,60,52,56.0,48,52.0,9.0,0.0,608,1704,0.01,28.75,29.44,16.2,24,16.7,19,292,42,10,2007,2049
2007-10-19,2,61,53,57.0,48,52.0,8.0,0.0,608,1704,0.001,28.82,29.45,17.7,24,18.0,19,292,42,10,2007,2049
2007-10-20,1,73,47,60.0,43,52.0,5.0,0.0,610,1703,0.0,29.02,29.71,10.9,21,12.0,20,293,42,10,2007,2049
2007-10-20,2,74,47,61.0,43,52.0,4.0,0.0,610,1703,0.0,29.1,29.72,11.1,21,11.7,20,293,42,10,2007,2049
2007-10-21,1,80,60,70.0,47,57.0,0.0,5.0,611,1701,0.0,29.08,29.78,18.0,20,18.2,21,294,42,10,2007,2049
2007-10-21,2,79,61,70.0,46,56.0,0.0,5.0,611,1701,0.0,29.15,29.78,16.7,20,16.8,21,294,42,10,2007,2049
2007-10-22,1,67,46,57.0,47,50.0,8.0,0.0,612,1660,0.16,29.26,29.97,5.2,36,9.2,22,295,43,10,2007,2050
2007-10-22,2,66,47,57.0,47,51.0,8.0,0.0,612,1660,0.15,29.32,29.96,5.8,1,10.3,22,295,43,10,2007,2050
2007-10-23,1,58,43,51.0,36,44.0,14.0,0.0,613,1658,0.0,29.2,29.93,5.2,31,8.2,23,296,43,10,2007,2050
2007-10-23,2,53,46,50.0,39,45.0,15.0,0.0,613,1658,0.03,29.26,29.93,4.0,31,7.9,23,296,43,10,2007,2050
2007-10-24,1,55,43,49.0,35,42.0,16.0,0.0,614,1657,0.0,29.46,30.16,13.3,2,14.5,24,297,43,10,2007,2050
2007-10-24,2,53,45,49.0,35,43.0,16.0,0.0,614,1657,0.0,29.51,30.16,16.0,2,17.3,24,297,43,10,2007,2050
2007-10-25,1,55,45,50.0,39,46.0,15.0,0.0,616,1656,0.001,29.47,30.2,13.9,6,14.1,25,298,43,10,2007,2050
2007-10-25,2,57,45,51.0,40,46.0,14.0,0.0,616,1656,0.001,29.52,30.2,14.5,6,14.7,25,298,43,10,2007,2050
2007-10-26,1,65,53,59.0,48,52.0,6.0,0.0,617,1654,0.33,29.31,30.07,6.2,5,6.9,26,299,43,10,2007,2050
2007-10-26,2,66,53,60.0,49,52.0,5.0,0.0,617,1654,0.41,29.38,30.06,4.2,6,7.2,26,299,43,10,2007,2050
2007-10-27,1,55,37,46.0,38,45.0,19.0,0.0,618,1653,0.01,29.56,30.25,9.4,32,9.9,27,300,43,10,2007,2050
2007-10-27,2,57,39,48.0,41,46.0,17.0,0.0,618,1653,0.08,29.62,30.25,7.9,31,9.1,27,300,43,10,2007,2050
2007-10-28,1,56,34,45.0,30,39.0,20.0,0.0,619,1651,0.0,29.79,30.52,3.4,23,4.2,28,301,43,10,2007,2050
2007-10-28,2,56,34,45.0,30,39.0,20.0,0.0,619,1651,0.0,29.86,30.53,3.5,23,4.1,28,301,43,10,2007,2050
2007-10-29,1,61,39,50.0,32,42.0,15.0,0.0,620,1650,0.0,29.63,30.4,10.2,22,10.4,29,302,44,10,2007,2051
2007-10-29,2,60,39,50.0,32,42.0,15.0,0.0,620,1650,0.0,29.7,30.41,9.1,22,9.3,29,302,44,10,2007,2051
2007-10-30,1,66,41,54.0,38,46.0,11.0,0.0,622,1649,0.0,29.43,30.2,12.2,20,12.5,30,303,44,10,2007,2051
2007-10-30,2,66,42,54.0,37,46.0,11.0,0.0,622,1649,0.0,29.51,30.22,10.8,20,10.9,30,303,44,10,2007,2051
2007-10-31,1,62,41,52.0,37,46.0,13.0,0.0,623,1647,0.0,29.3,30.02,12.2,25,14.3,31,304,44,10,2007,2051
2007-10-31,2,63,43,53.0,38,46.0,12.0,0.0,623,1647,0.0,29.36,30.03,12.2,25,15.0,31,304,44,10,2007,2051
2008-05-01,1,74,48,61.0,51,56.0,4.0,0.0,448,1849,0.0,28.95,29.67,10.6,16,11.5,1,122,18,5,2008,2026
2008-05-01,2,73,48,61.0,51,57.0,4.0,0.0,448,1849,0.001,29.01,29.67,9.8,17,10.4,1,122,18,5,2008,2026
2008-05-02,1,74,51,63.0,55,58.0,2.0,0.0,447,1850,1.28,28.79,29.53,13.8,20,15.1,2,123,18,5,2008,2026
2008-05-02,2,74,55,65.0,56,60.0,0.0,0.0,447,1850,0.74,28.85,29.52,11.9,19,13.0,2,123,18,5,2008,2026
2008-05-03,1,56,43,50.0,41,46.0,15.0,0.0,446,1851,0.001,29.01,29.69,10.4,25,12.7,3,124,18,5,2008,2026
2008-05-03,2,56,44,50.0,42,46.0,15.0,0.0,446,1851,0.01,29.08,29.69,11.2,25,12.7,3,124,18,5,2008,2026
2008-05-04,1,65,38,52.0,34,45.0,13.0,0.0,444,1852,0.0,29.31,30.02,5.6,24,6.3,4,125,18,5,2008,2026
2008-05-04,2,66,39,53.0,33,45.0,12.0,0.0,444,1852,0.0,29.38,30.02,5.1,23,5.6,4,125,18,5,2008,2026
2008-05-05,1,75,50,63.0,38,50.0,2.0,0.0,443,1853,0.0,29.27,29.99,4.4,26,7.0,5,126,19,5,2008,2027
2008-05-05,2,74,50,62.0,38,50.0,3.0,0.0,443,1853,0.0,29.34,29.99,3.7,23,6.2,5,126,19,5,2008,2027
2008-05-06,1,81,46,64.0,44,55.0,1.0,0.0,442,1855,0.0,29.16,29.88,6.3,22,7.1,6,127,19,5,2008,2027
2008-05-06,2,82,52,67.0,43,55.0,0.0,2.0,442,1855,0.0,29.23,29.88,6.9,22,8.8,6,127,19,5,2008,2027
2008-05-07,1,70,49,60.0,52,56.0,5.0,0.0,441,1856,0.76,28.97,29.69,3.5,23,12.3,7,128,19,5,2008,2027
2008-05-07,2,71,50,61.0,53,56.0,4.0,0.0,441,1856,0.71,29.03,29.69,1.9,22,11.1,7,128,19,5,2008,2027
2008-05-08,1,59,45,52.0,35,44.0,13.0,0.0,439,1857,0.0,29.08,29.82,12.2,5,12.6,8,129,19,5,2008,2027
2008-05-08,2,59,47,53.0,36,45.0,12.0,0.0,439,1857,0.0,29.14,29.81,14.3,5,15.0,8,129,19,5,2008,2027
2008-05-09,1,58,41,50.0,34,43.0,15.0,0.0,438,1858,0.0,29.15,29.85,6.3,3,6.9,9,130,19,5,2008,2027
2008-05-09,2,58,42,50.0,35,44.0,15.0,0.0,438,1858,0.0,29.2,29.85,6.5,3,7.0,9,130,19,5,2008,2027
2008-05-10,1,61,38,50.0,37,45.0,15.0,0.0,437,1859,0.0,29.08,29.85,5.9,7,6.3,10,131,19,5,2008,2027
2008-05-10,2,61,41,51.0,39,46.0,14.0,0.0,437,1859,0.0,29.15,29.84,6.0,8,6.6,10,131,19,5,2008,2027
2008-05-11,1,58,46,52.0,43,47.0,13.0,0.0,436,1860,0.95,28.85,29.55,14.5,2,17.7,11,132,19,5,2008,2027
2008-05-11,2,60,47,54.0,44,48.0,11.0,0.0,436,1860,1.46,28.89,29.53,14.3,2,17.8,11,132,19,5,2008,2027
2008-05-12,1,56,40,48.0,38,43.0,17.0,0.0,435,1901,0.0,29.26,29.96,5.1,7,7.8,12,133,20,5,2008,2028
2008-05-12,2,53,41,47.0,39,43.0,18.0,0.0,435,1901,0.0,29.32,29.96,4.9,6,7.6,12,133,20,5,2008,2028
2008-05-13,1,73,40,57.0,45,51.0,8.0,0.0,434,1902,0.08,29.2,29.93,15.5,18,15.9,13,134,20,5,2008,2028
2008-05-13,2,73,45,59.0,45,52.0,6.0,0.0,434,1902,0.32,29.28,29.95,13.7,18,14.4,13,134,20,5,2008,2028
2008-05-14,1,64,45,55.0,48,52.0,10.0,0.0,433,1903,0.02,29.19,29.89,2.0,25,9.6,14,135,20,5,2008,2028
2008-05-14,2,61,46,54.0,49,52.0,11.0,0.0,433,1903,0.02,29.25,29.89,2.5,21,8.9,14,135,20,5,2008,2028
2008-05-15,1,57,43,50.0,37,45.0,15.0,0.0,432,1904,0.0,29.33,30.05,6.8,5,7.9,15,136,20,5,2008,2028
2008-05-15,2,57,43,50.0,37,45.0,15.0,0.0,432,1904,0.0,29.38,30.05,7.5,5,8.1,15,136,20,5,2008,2028
2008-05-16,1,73,40,57.0,41,50.0,8.0,0.0,431,1905,0.0,29.1,29.86,8.9,25,9.4,16,137,20,5,2008,2028
2008-05-16,2,72,41,57.0,41,50.0,8.0,0.0,431,1905,0.0,29.16,29.86,8.3,25,8.8,16,137,20,5,2008,2028
2008-05-17,1,73,52,63.0,41,52.0,2.0,0.0,430,1906,0.12,28.87,29.61,12.9,30,14.7,17,138,20,5,2008,2028
2008-05-17,2,73,50,62.0,41,52.0,3.0,0.0,430,1906,0.26,28.94,29.61,11.2,29,14.1,17,138,20,5,2008,2028
2008-05-18,1,55,44,50.0,39,45.0,15.0,0.0,429,1907,0.0,28.93,29.64,3.5,34,8.2,18,139,20,5,2008,2028
2008-05-18,2,55,45,50.0,40,46.0,15.0,0.0,429,1907,0.0,28.98,29.63,1.6,35,7.9,18,139,20,5,2008,2028
2008-05-19,1,60,40,50.0,33,43.0,15.0,0.0,428,1908,0.001,28.96,29.69,3.9,7,5.7,19,140,21,5,2008,2029
2008-05-19,2,59,42,51.0,34,44.0,14.0,0.0,428,1908,0.001,29.02,29.69,4.4,7,6.2,19,140,21,5,2008,2029
2008-05-20,1,66,47,57.0,37,47.0,8.0,0.0,427,1909,0.0,28.94,29.66,7.3,31,9.2,20,141,21,5,2008,2029
2008-05-20,2,64,49,57.0,37,47.0,8.0,0.0,427,1909,0.001,29.0,29.66,6.9,30,7.7,20,141,21,5,2008,2029
2008-05-21,1,66,41,54.0,36,46.0,11.0,0.0,426,1910,0.0,29.0,29.7,7.2,32,9.2,21,142,21,5,2008,2029
2008-05-21,2,65,45,55.0,36,46.0,10.0,0.0,426,1910,0.0,29.05,29.7,6.8,33,8.8,21,142,21,5,2008,2029
2008-05-22,1,59,45,52.0,38,45.0,13.0,0.0,425,1911,0.0,29.24,29.94,8.8,5,9.8,22,143,21,5,2008,2029
2008-05-22,2,56,47,52.0,38,45.0,13.0,0.0,425,1911,0.0,29.29,29.93,10.5,5,11.2,22,143,21,5,2008,2029
2008-05-23,1,57,46,52.0,39,45.0,13.0,0.0,425,1912,0.0,29.41,30.12,10.7,3,10.9,23,144,21,5,2008,2029
2008-05-23,2,59,48,54.0,40,46.0,11.0,0.0,425,1912,0.0,29.47,30.11,10.4,3,10.7,23,144,21,5,2008,2029
2008-05-24,1,67,40,54.0,40,48.0,11.0,0.0,424,1913,0.0,29.44,30.18,7.4,7,8.4,24,145,21,5,2008,2029
2008-05-24,2,68,44,56.0,38,48.0,9.0,0.0,424,1913,0.0,29.51,30.17,6.9,7,7.4,24,145,21,5,2008,2029
2008-05-25,1,78,44,61.0,50,57.0,4.0,0.0,423,1914,0.001,29.18,29.93,10.3,18,11.9,25,146,21,5,2008,2029
2008-05-25,2,78,51,65.0,48,57.0,0.0,0.0,423,1914,0.0,29.26,29.93,11.1,17,12.4,25,146,21,5,2008,2029
2008-05-26,1,81,47,64.0,60,64.0,1.0,0.0,422,1915,0.48,29.11,29.81,6.2,25,11.8,26,147,22,5,2008,2030
2008-05-26,2,84,53,69.0,60,65.0,0.0,4.0,422,1915,0.0,29.17,29.8,7.3,24,12.0,26,147,22,5,2008,2030
2008-05-27,1,50,42,46.0,35,42.0,19.0,0.0,422,1916,0.0,29.5,30.19,19.2,3,19.3,27,148,22,5,2008,2030
2008-05-27,2,53,45,49.0,36,43.0,16.0,0.0,422,1916,0.001,29.54,30.18,18.0,2,17.4,27,148,22,5,2008,2030
2008-05-28,1,62,43,53.0,32,43.0,12.0,0.0,421,1916,0.0,29.6,30.34,8.2,6,8.7,28,149,22,5,2008,2030
2008-05-28,2,61,45,53.0,35,44.0,12.0,0.0,421,1916,0.0,29.66,30.33,7.8,7,8.5,28,149,22,5,2008,2030
2008-05-29,1,67,42,55.0,37,47.0,10.0,0.0,421,1917,0.01,29.39,30.16,3.5,11,4.2,29,150,22,5,2008,2030
2008-05-29,2,68,45,57.0,38,48.0,8.0,0.0,421,1917,0.08,29.46,30.17,2.2,10,3.8,29,150,22,5,2008,2030
2008-05-30,1,77,55,66.0,59,62.0,0.0,1.0,420,1918,0.4,29.03,29.79,8.4,21,10.4,30,151,22,5,2008,2030
2008-05-30,2,77,58,68.0,60,63.0,0.0,3.0,420,1918,0.3,29.09,29.79,9.4,20,10.7,30,151,22,5,2008,2030
2008-05-31,1,79,59,69.0,56,62.0,0.0,4.0,420,1919,0.0,29.1,29.8,10.8,28,11.9,31,152,22,5,2008,2030
2008-05-31,2,79,60,70.0,56,62.0,0.0,5.0,420,1919,0.0,29.15,29.79,11.1,28,12.3,31,152,22,5,2008,2030
2008-06-01,1,74,53,64.0,47,55.0,1.0,0.0,419,1920,0.0,29.23,29.95,4.6,10,5.4,1,153,22,6,2008,2030
2008-06-01,2,71,56,64.0,46,55.0,1.0,0.0,419,1920,0.0,29.29,29.94,5.6,8,5.9,1,153,22,6,2008,2030
2008-06-02,1,86,56,71.0,52,60.0,0.0,6.0,419,1920,0.001,29.16,29.89,1.9,8,4.8,2,154,23,6,2008,2031
2008-06-02,2,85,61,73.0,53,61.0,0.0,8.0,419,1920,0.0,29.21,29.87,1.7,13,5.7,2,154,23,6,2008,2031
2008-06-03,1,69,55,62.0,55,57.0,3.0,0.0,418,1921,0.52,28.97,29.69,7.3,4,9.2,3,155,23,6,2008,2031
2008-06-03,2,74,57,66.0,58,60.0,0.0,1.0,418,1921,0.92,29.02,29.67,5.2,3,6.7,3,155,23,6,2008,2031
2008-06-04,1,78,54,66.0,59,61.0,0.0,1.0,418,1922,0.001,28.9,29.62,4.5,4,5.2,4,156,23,6,2008,2031
2008-06-04,2,78,59,69.0,61,64.0,0.0,4.0,418,1922,0.02,28.95,29.6,3.1,5,4.3,4,156,23,6,2008,2031
2008-06-05,1,87,60,74.0,68,71.0,0.0,9.0,417,1923,0.64,29.0,29.7,11.5,20,14.0,5,157,23,6,2008,2031
2008-06-05,2,88,68,78.0,69,72.0,0.0,13.0,417,1923,0.22,29.06,29.69,13.2,20,13.8,5,157,23,6,2008,2031
2008-06-06,1,87,73,80.0,68,72.0,0.0,15.0,417,1923,0.001,29.07,29.76,21.1,20,21.5,6,158,23,6,2008,2031
2008-06-06,2,86,73,80.0,69,72.0,0.0,15.0,417,1923,0.03,29.14,29.75,19.2,20,19.5,6,158,23,6,2008,2031
2008-06-07,1,85,69,77.0,71,73.0,0.0,12.0,417,1924,0.11,29.16,29.86,12.5,19,13.2,7,159,23,6,2008,2031
2008-06-07,2,84,72,78.0,71,73.0,0.0,13.0,417,1924,0.07,29.23,29.85,11.8,19,12.4,7,159,23,6,2008,2031
2008-06-08,1,85,64,75.0,68,70.0,0.0,10.0,417,1925,1.24,29.11,29.81,6.5,18,12.2,8,160,23,6,2008,2031
2008-06-08,2,87,65,76.0,69,71.0,0.0,11.0,417,1925,1.31,29.18,29.8,4.2,19,11.5,8,160,23,6,2008,2031
2008-06-09,1,74,65,70.0,64,66.0,0.0,5.0,416,1925,0.14,29.1,29.82,6.3,22,7.7,9,161,24,6,2008,2032
2008-06-09,2,74,65,70.0,64,66.0,0.0,5.0,416,1925,0.21,29.17,29.8,6.5,23,8.8,9,161,24,6,2008,2032
2008-06-10,1,79,59,69.0,56,61.0,0.0,4.0,416,1926,0.001,29.18,29.89,8.8,25,9.6,10,162,24,6,2008,2032
2008-06-10,2,80,60,70.0,56,63.0,0.0,5.0,416,1926,0.01,29.25,29.88,9.3,25,10.4,10,162,24,6,2008,2032
2008-06-11,1,86,61,74.0,56,64.0,0.0,9.0,416,1926,0.0,29.28,29.99,8.9,18,10.0,11,163,24,6,2008,2032
2008-06-11,2,86,66,76.0,55,64.0,0.0,11.0,416,1926,0.0,29.34,29.97,9.4,18,10.4,11,163,24,6,2008,2032
2008-06-12,1,91,73,82.0,63,69.0,0.0,17.0,416,1927,0.0,29.2,29.9,16.1,18,16.3,12,164,24,6,2008,2032
2008-06-12,2,91,73,82.0,63,70.0,0.0,17.0,416,1927,0.0,29.26,29.89,14.8,18,15.1,12,164,24,6,2008,2032
2008-06-13,1,82,65,74.0,62,66.0,0.0,9.0,416,1927,0.39,29.21,29.92,8.9,22,9.9,13,165,24,6,2008,2032
2008-06-13,2,82,66,74.0,63,66.0,0.0,9.0,416,1927,0.19,29.28,29.91,9.6,23,10.8,13,165,24,6,2008,2032
2008-06-14,1,84,59,72.0,53,61.0,0.0,7.0,416,1928,0.0,29.23,29.94,8.3,24,8.8,14,166,24,6,2008,2032
2008-06-14,2,84,61,73.0,52,62.0,0.0,8.0,416,1928,0.0,29.29,29.92,8.7,24,9.3,14,166,24,6,2008,2032
2008-06-15,1,81,61,71.0,60,64.0,0.0,6.0,416,1928,0.18,29.15,29.84,8.1,24,9.8,15,167,24,6,2008,2032
2008-06-15,2,82,60,71.0,60,64.0,0.0,6.0,416,1928,0.29,29.23,29.83,8.4,24,9.7,15,167,24,6,2008,2032
2008-06-16,1,72,59,66.0,49,57.0,0.0,1.0,416,1929,0.0,29.2,29.91,10.7,31,11.2,16,168,25,6,2008,2033
2008-06-16,2,74,60,67.0,49,57.0,0.0,2.0,416,1929,0.0,29.25,29.89,10.8,31,11.5,16,168,25,6,2008,2033
2008-06-17,1,76,55,66.0,46,55.0,0.0,1.0,416,1929,0.0,29.26,29.97,10.7,30,11.2,17,169,25,6,2008,2033
2008-06-17,2,76,56,66.0,46,55.0,0.0,1.0,416,1929,0.0,29.32,29.96,10.2,30,10.8,17,169,25,6,2008,2033
2008-06-18,1,77,56,67.0,48,56.0,0.0,2.0,416,1929,0.0,29.21,29.92,4.8,3,7.3,18,170,25,6,2008,2033
2008-06-18,2,75,58,67.0,49,56.0,0.0,2.0,416,1929,0.0,29.26,29.91,5.0,5,7.5,18,170,25,6,2008,2033
2008-06-19,1,81,52,67.0,46,56.0,0.0,2.0,416,1930,0.0,29.21,29.93,1.8,25,5.1,19,171,25,6,2008,2033
2008-06-19,2,80,55,68.0,47,57.0,0.0,3.0,416,1930,0.0,29.27,29.92,1.5,14,5.4,19,171,25,6,2008,2033
2008-06-20,1,82,58,70.0,53,60.0,0.0,5.0,416,1930,0.09,29.25,29.96,6.7,22,7.9,20,172,25,6,2008,2033
2008-06-20,2,83,60,72.0,52,59.0,0.0,7.0,416,1930,0.04,29.3,29.95,6.5,23,7.2,20,172,25,6,2008,2033
2008-06-21,1,82,61,72.0,52,61.0,0.0,7.0,416,1930,0.01,29.24,29.95,7.1,29,7.8,21,173,25,6,2008,2033
2008-06-21,2,83,62,73.0,53,61.0,0.0,8.0,416,1930,0.01,29.29,29.93,5.6,29,6.9,21,173,25,6,2008,2033
2008-06-22,1,82,57,70.0,52,59.0,0.0,5.0,417,1931,0.16,29.18,29.89,2.9,31,5.1,22,174,25,6,2008,2033
2008-06-22,2,81,61,71.0,53,60.0,0.0,6.0,417,1931,0.02,29.23,29.87,1.5,34,4.4,22,174,25,6,2008,2033
2008-06-23,1,77,56,67.0,54,59.0,0.0,2.0,417,1931,0.0,29.33,30.04,3.9,4,6.4,23,175,26,6,2008,2034
2008-06-23,2,76,57,67.0,54,59.0,0.0,2.0,417,1931,0.0,29.38,30.03,3.8,3,6.4,23,175,26,6,2008,2034
2008-06-24,1,82,55,69.0,53,60.0,0.0,4.0,417,1931,0.0,29.44,30.15,5.1,18,5.8,24,176,26,6,2008,2034
2008-06-24,2,82,57,70.0,52,60.0,0.0,5.0,417,1931,0.0,29.49,30.13,4.3,18,5.4,24,176,26,6,2008,2034
2008-06-25,1,79,66,73.0,64,67.0,0.0,8.0,417,1931,0.08,29.28,29.99,8.0,22,9.3,25,177,26,6,2008,2034
2008-06-25,2,79,67,73.0,65,68.0,0.0,8.0,417,1931,0.11,29.34,29.98,7.5,21,8.5,25,177,26,6,2008,2034
2008-06-26,1,86,70,78.0,66,70.0,0.0,13.0,418,1931,0.0,29.15,29.86,6.3,26,7.3,26,178,26,6,2008,2034
2008-06-26,2,87,71,79.0,67,71.0,0.0,14.0,418,1931,0.0,29.21,29.84,6.8,25,7.8,26,178,26,6,2008,2034
2008-06-27,1,84,66,75.0,67,70.0,0.0,10.0,418,1931,0.001,29.05,29.76,6.7,22,7.4,27,179,26,6,2008,2034
2008-06-27,2,85,69,77.0,67,70.0,0.0,12.0,418,1931,0.001,29.11,29.74,8.3,21,9.1,27,179,26,6,2008,2034
2008-06-28,1,83,64,74.0,55,63.0,0.0,9.0,419,1931,0.04,28.98,29.69,12.1,25,13.2,28,180,26,6,2008,2034
2008-06-28,2,84,66,75.0,55,63.0,0.0,10.0,419,1931,0.001,29.05,29.68,13.3,26,14.5,28,180,26,6,2008,2034
2008-06-29,1,75,60,68.0,58,61.0,0.0,3.0,419,1931,0.58,29.08,29.77,7.3,31,9.7,29,181,26,6,2008,2034
2008-06-29,2,77,61,69.0,58,61.0,0.0,4.0,419,1931,0.22,29.13,29.75,7.9,30,10.1,29,181,26,6,2008,2034
2008-06-30,1,80,59,70.0,50,58.0,0.0,5.0,419,1931,0.0,29.28,29.98,6.0,34,9.6,30,182,27,6,2008,2035
2008-06-30,2,81,59,70.0,49,58.0,0.0,5.0,419,1931,0.0,29.34,29.96,5.5,35,9.1,30,182,27,6,2008,2035
2008-07-01,1,83,58,71.0,51,60.0,0.0,6.0,420,1931,0.0,29.24,29.97,8.1,24,8.0,1,183,27,7,2008,2035
2008-07-01,2,84,57,71.0,50,60.0,0.0,6.0,420,1931,0.0,29.3,29.95,8.2,23,8.3,1,183,27,7,2008,2035
2008-07-02,1,87,63,75.0,62,66.0,0.0,10.0,420,1931,0.2,29.09,29.79,8.7,23,13.2,2,184,27,7,2008,2035
2008-07-02,2,89,63,76.0,62,67.0,0.0,11.0,420,1931,0.12,29.14,29.78,7.4,24,11.7,2,184,27,7,2008,2035
2008-07-03,1,71,55,63.0,51,57.0,2.0,0.0,421,1931,0.001,29.34,30.04,11.6,3,12.0,3,185,27,7,2008,2035
2008-07-03,2,71,59,65.0,51,57.0,0.0,0.0,421,1931,0.001,29.39,30.01,13.3,3,13.5,3,185,27,7,2008,2035
2008-07-04,1,76,52,64.0,50,57.0,1.0,0.0,422,1930,0.0,29.35,30.06,6.0,5,6.6,4,186,27,7,2008,2035
2008-07-04,2,75,58,67.0,50,58.0,0.0,2.0,422,1930,0.0,29.4,30.05,6.5,6,7.5,4,186,27,7,2008,2035
2008-07-05,1,80,54,67.0,52,59.0,0.0,2.0,422,1930,0.0,29.31,30.03,4.6,7,7.0,5,187,27,7,2008,2035
2008-07-05,2,79,57,68.0,52,60.0,0.0,3.0,422,1930,0.0,29.36,30.01,4.7,10,5.7,5,187,27,7,2008,2035
2008-07-06,1,87,59,73.0,57,65.0,0.0,8.0,423,1930,0.0,29.21,29.94,9.3,19,9.4,6,188,27,7,2008,2035
2008-07-06,2,88,63,76.0,58,65.0,0.0,11.0,423,1930,0.0,29.28,29.92,8.3,19,8.9,6,188,27,7,2008,2035
2008-07-07,1,87,71,79.0,67,71.0,0.0,14.0,423,1930,0.03,29.16,29.87,10.9,22,11.9,7,189,28,7,2008,2036
2008-07-07,2,87,74,81.0,68,71.0,0.0,16.0,423,1930,0.11,29.21,29.86,10.8,21,11.4,7,189,28,7,2008,2036
2008-07-08,1,85,70,78.0,67,71.0,0.0,13.0,424,1929,0.03,29.1,29.81,7.8,26,9.1,8,190,28,7,2008,2036
2008-07-08,2,86,46,66.0,68,71.0,0.0,4.0,424,1929,0.28,29.16,29.8,7.4,24,8.3,8,190,28,7,2008,2036
2008-07-09,1,85,67,76.0,55,63.0,0.0,11.0,425,1929,0.001,29.26,29.95,9.5,31,10.3,9,191,28,7,2008,2036
2008-07-09,2,85,67,76.0,55,64.0,0.0,11.0,425,1929,0.0,29.31,29.94,8.1,32,9.1,9,191,28,7,2008,2036
2008-07-10,1,82,64,73.0,63,66.0,0.0,8.0,425,1929,0.72,29.26,29.99,8.5,23,9.2,10,192,28,7,2008,2036
2008-07-10,2,84,64,74.0,62,67.0,0.0,9.0,425,1929,0.43,29.33,29.97,8.1,23,8.6,10,192,28,7,2008,2036
2008-07-11,1,88,64,76.0,65,69.0,0.0,11.0,426,1928,0.34,29.23,29.97,5.2,20,8.4,11,193,28,7,2008,2036
2008-07-11,2,89,64,77.0,65,69.0,0.0,12.0,426,1928,0.03,29.3,29.95,3.7,19,7.5,11,193,28,7,2008,2036
2008-07-12,1,81,65,73.0,63,66.0,0.0,8.0,427,1928,0.73,29.19,29.89,7.7,26,10.3,12,194,28,7,2008,2036
2008-07-12,2,83,66,75.0,64,67.0,0.0,10.0,427,1928,0.65,29.25,29.87,8.4,26,11.0,12,194,28,7,2008,2036
2008-07-13,1,79,62,71.0,54,61.0,0.0,6.0,428,1927,0.0,29.12,29.84,12.1,27,12.4,13,195,28,7,2008,2036
2008-07-13,2,79,61,70.0,53,61.0,0.0,5.0,428,1927,0.0,29.18,29.83,13.6,27,13.8,13,195,28,7,2008,2036
2008-07-14,1,84,62,73.0,54,62.0,0.0,8.0,428,1927,0.0,29.22,29.92,4.5,29,7.8,14,196,29,7,2008,2037
2008-07-14,2,84,62,73.0,54,62.0,0.0,8.0,428,1927,0.0,29.28,29.9,1.9,29,7.1,14,196,29,7,2008,2037
2008-07-15,1,90,61,76.0,62,68.0,0.0,11.0,429,1926,0.0,29.3,30.0,6.8,23,7.4,15,197,29,7,2008,2037
2008-07-15,2,91,67,79.0,63,69.0,0.0,14.0,429,1926,0.0,29.36,29.98,7.8,22,8.3,15,197,29,7,2008,2037
2008-07-16,1,90,71,81.0,66,70.0,0.0,16.0,430,1925,0.0,29.39,30.09,5.0,23,7.2,16,198,29,7,2008,2037
2008-07-16,2,91,73,82.0,67,71.0,0.0,17.0,430,1925,0.0,29.44,30.07,5.2,21,7.4,16,198,29,7,2008,2037
2008-07-17,1,89,71,80.0,66,71.0,0.0,15.0,431,1925,0.0,29.33,30.05,8.6,22,9.0,17,199,29,7,2008,2037
2008-07-17,2,90,74,82.0,66,71.0,0.0,17.0,431,1925,0.0,29.39,30.03,8.9,22,9.3,17,199,29,7,2008,2037
2008-07-18,1,86,74,80.0,68,72.0,0.0,15.0,432,1924,0.04,29.24,29.95,2.6,22,5.4,18,200,29,7,2008,2037
2008-07-18,2,91,73,82.0,67,71.0,0.0,17.0,432,1924,0.001,29.3,29.94,6.8,23,8.2,18,200,29,7,2008,2037
2008-07-19,1,78,67,73.0,68,69.0,0.0,8.0,433,1923,1.61,29.19,29.91,2.0,33,5.8,19,201,29,7,2008,2037
2008-07-19,2,80,70,75.0,70,71.0,0.0,10.0,433,1923,1.22,29.24,29.89,1.1,23,5.9,19,201,29,7,2008,2037
2008-07-20,1,86,68,77.0,68,71.0,0.0,12.0,433,1923,0.74,29.2,29.91,4.5,25,5.7,20,202,29,7,2008,2037
2008-07-20,2,86,68,77.0,68,71.0,0.0,12.0,433,1923,0.43,29.25,29.89,6.1,27,7.0,20,202,29,7,2008,2037
2008-07-21,1,83,68,76.0,65,68.0,0.0,11.0,434,1922,0.13,29.21,29.92,3.3,3,7.4,21,203,30,7,2008,2038
2008-07-21,2,84,70,77.0,66,69.0,0.0,12.0,434,1922,0.13,29.26,29.9,2.4,2,8.0,21,203,30,7,2008,2038
2008-07-22,1,77,63,70.0,59,64.0,0.0,5.0,435,1921,0.001,29.31,30.0,8.2,3,8.7,22,204,30,7,2008,2038
2008-07-22,2,75,66,71.0,61,64.0,0.0,6.0,435,1921,0.06,29.36,29.98,8.6,3,9.3,22,204,30,7,2008,2038
2008-07-23,1,81,60,71.0,52,60.0,0.0,6.0,436,1920,0.0,29.39,30.1,7.6,2,8.5,23,205,30,7,2008,2038
2008-07-23,2,81,60,71.0,52,61.0,0.0,6.0,436,1920,0.0,29.44,30.08,8.3,36,9.3,23,205,30,7,2008,2038
2008-07-24,1,82,59,71.0,53,61.0,0.0,6.0,437,1919,0.0,29.33,30.05,3.9,24,4.4,24,206,30,7,2008,2038
2008-07-24,2,82,60,71.0,52,61.0,0.0,6.0,437,1919,0.0,29.39,30.04,4.3,24,4.7,24,206,30,7,2008,2038
2008-07-25,1,82,61,72.0,63,67.0,0.0,7.0,438,1918,0.0,29.26,29.99,5.5,23,6.9,25,207,30,7,2008,2038
2008-07-25,2,84,65,75.0,63,67.0,0.0,10.0,438,1918,0.0,29.33,29.98,6.8,22,7.6,25,207,30,7,2008,2038
2008-07-26,1,84,65,75.0,58,65.0,0.0,10.0,439,1918,0.0,29.22,29.94,8.5,31,9.1,26,208,30,7,2008,2038
2008-07-26,2,85,67,76.0,58,66.0,0.0,11.0,439,1918,0.0,29.28,29.92,6.9,30,7.7,26,208,30,7,2008,2038
2008-07-27,1,83,62,73.0,58,64.0,0.0,8.0,440,1917,0.0,29.16,29.89,5.9,24,6.7,27,209,30,7,2008,2038
2008-07-27,2,83,63,73.0,58,65.0,0.0,8.0,440,1917,0.0,29.22,29.87,5.9,24,6.8,27,209,30,7,2008,2038
2008-07-28,1,85,66,76.0,63,67.0,0.0,11.0,441,1916,0.0,29.16,29.87,4.0,7,6.1,28,210,31,7,2008,2039
2008-07-28,2,84,70,77.0,63,68.0,0.0,12.0,441,1916,0.0,29.21,29.85,4.4,10,6.4,28,210,31,7,2008,2039
2008-07-29,1,88,65,77.0,67,70.0,0.0,12.0,442,1915,0.05,29.14,29.85,6.4,20,7.9,29,211,31,7,2008,2039
2008-07-29,2,89,70,80.0,67,71.0,0.0,15.0,442,1915,0.23,29.21,29.83,5.9,20,7.9,29,211,31,7,2008,2039
2008-07-30,1,89,72,81.0,65,70.0,0.0,16.0,443,1914,0.0,29.04,29.75,7.8,27,8.6,30,212,31,7,2008,2039
2008-07-30,2,90,72,81.0,67,71.0,0.0,16.0,443,1914,0.0,29.1,29.73,8.8,27,9.7,30,212,31,7,2008,2039
2008-07-31,1,89,72,81.0,67,70.0,0.0,16.0,444,1913,0.14,29.06,29.76,4.9,27,5.8,31,213,31,7,2008,2039
2008-07-31,2,89,71,80.0,69,72.0,0.0,15.0,444,1913,0.5,29.11,29.74,5.6,27,6.9,31,213,31,7,2008,2039
2008-08-01,1,89,68,79.0,68,72.0,0.0,14.0,445,1911,1.05,29.09,29.79,3.1,31,5.7,1,214,31,8,2008,2039
2008-08-01,2,89,72,81.0,69,73.0,0.0,16.0,445,1911,0.0,29.14,29.77,1.9,6,3.6,1,214,31,8,2008,2039
2008-08-02,1,81,65,73.0,59,65.0,0.0,8.0,446,1910,0.0,29.24,29.93,8.4,3,9.2,2,215,31,8,2008,2039
2008-08-02,2,80,68,74.0,60,65.0,0.0,9.0,446,1910,0.0,29.28,29.9,8.6,3,9.2,2,215,31,8,2008,2039
2008-08-03,1,84,61,73.0,61,66.0,0.0,8.0,447,1909,0.0,29.24,29.96,5.3,18,6.0,3,216,31,8,2008,2039
2008-08-03,2,85,63,74.0,61,67.0,0.0,9.0,447,1909,0.0,29.3,29.94,5.2,19,6.5,3,216,31,8,2008,2039
2008-08-04,1,87,70,79.0,68,70.0,0.0,14.0,448,1908,2.43,29.18,29.9,3.1,18,9.0,4,217,32,8,2008,2040
2008-08-04,2,88,69,79.0,69,71.0,0.0,14.0,448,1908,0.59,29.24,29.89,2.9,19,9.1,4,217,32,8,2008,2040
2008-08-05,1,87,69,78.0,67,71.0,0.0,13.0,449,1907,0.0,29.24,29.93,6.2,31,7.4,5,218,32,8,2008,2040
2008-08-05,2,88,71,80.0,69,72.0,0.0,15.0,449,1907,0.08,29.3,29.91,2.9,31,6.3,5,218,32,8,2008,2040
2008-08-06,1,84,67,76.0,60,66.0,0.0,11.0,450,1906,0.0,29.29,30.0,6.8,30,8.1,6,219,32,8,2008,2040
2008-08-06,2,84,67,76.0,60,66.0,0.0,11.0,450,1906,0.01,29.35,29.98,5.4,29,6.9,6,219,32,8,2008,2040
2008-08-07,1,82,64,73.0,56,63.0,0.0,8.0,451,1904,0.0,29.26,29.98,7.8,34,9.4,7,220,32,8,2008,2040
2008-08-07,2,81,63,72.0,57,63.0,0.0,7.0,451,1904,0.01,29.31,29.96,7.1,35,9.1,7,220,32,8,2008,2040
2008-08-08,1,79,63,71.0,54,61.0,0.0,6.0,452,1903,0.0,29.29,30.01,4.5,2,7.4,8,221,32,8,2008,2040
2008-08-08,2,78,64,71.0,54,61.0,0.0,6.0,452,1903,0.0,29.34,29.99,3.5,1,6.7,8,221,32,8,2008,2040
2008-08-09,1,80,62,71.0,58,62.0,0.0,6.0,453,1902,0.001,29.2,29.92,2.6,31,9.0,9,222,32,8,2008,2040
2008-08-09,2,78,61,70.0,58,63.0,0.0,5.0,453,1902,0.001,29.25,29.91,3.8,28,9.6,9,222,32,8,2008,2040
2008-08-10,1,74,58,66.0,52,58.0,0.0,1.0,454,1900,0.0,29.31,30.02,8.4,2,9.0,10,223,32,8,2008,2040
2008-08-10,2,74,61,68.0,53,59.0,0.0,3.0,454,1900,0.0,29.36,30.0,10.2,2,9.9,10,223,32,8,2008,2040
2008-08-11,1,77,59,68.0,57,61.0,0.0,3.0,455,1859,0.0,29.3,30.02,3.9,5,6.3,11,224,33,8,2008,2041
2008-08-11,2,76,60,68.0,57,62.0,0.0,3.0,455,1859,0.0,29.36,30.01,3.5,5,6.1,11,224,33,8,2008,2041
2008-08-12,1,77,61,69.0,57,62.0,0.0,4.0,456,1858,0.0,29.17,29.9,3.3,10,3.8,12,225,33,8,2008,2041
2008-08-12,2,77,62,70.0,57,62.0,0.0,5.0,456,1858,0.0,29.23,29.89,3.3,10,4.0,12,225,33,8,2008,2041
2008-08-13,1,79,66,73.0,59,63.0,0.0,8.0,457,1856,0.06,29.11,29.84,3.0,7,4.6,13,226,33,8,2008,2041
2008-08-13,2,77,66,72.0,59,63.0,0.0,7.0,457,1856,0.001,29.17,29.82,3.1,8,5.2,13,226,33,8,2008,2041
2008-08-14,1,79,63,71.0,60,64.0,0.0,6.0,458,1855,0.0,29.23,29.93,7.3,3,7.9,14,227,33,8,2008,2041
2008-08-14,2,78,65,72.0,60,64.0,0.0,7.0,458,1855,0.001,29.28,29.91,7.7,3,8.4,14,227,33,8,2008,2041
2008-08-15,1,78,61,70.0,54,61.0,0.0,5.0,459,1854,0.0,29.44,30.13,6.9,3,7.9,15,228,33,8,2008,2041
2008-08-15,2,78,61,70.0,55,61.0,0.0,5.0,459,1854,0.0,29.49,30.11,7.5,4,9.1,15,228,33,8,2008,2041
2008-08-16,1,83,58,71.0,53,61.0,0.0,6.0,500,1852,0.0,29.4,30.13,5.7,29,6.5,16,229,33,8,2008,2041
2008-08-16,2,82,59,71.0,53,61.0,0.0,6.0,500,1852,0.0,29.46,30.11,5.5,29,6.4,16,229,33,8,2008,2041
2008-08-17,1,84,63,74.0,60,65.0,0.0,9.0,501,1851,0.0,29.28,30.01,7.9,26,8.0,17,230,33,8,2008,2041
2008-08-17,2,85,63,74.0,59,65.0,0.0,9.0,501,1851,0.0,29.34,30.0,8.5,25,8.8,17,230,33,8,2008,2041
2008-08-18,1,85,65,75.0,57,64.0,0.0,10.0,502,1849,0.0,29.26,29.98,7.2,27,7.4,18,231,34,8,2008,2042
2008-08-18,2,85,65,75.0,58,65.0,0.0,10.0,502,1849,0.0,29.33,29.97,6.6,26,7.0,18,231,34,8,2008,2042
2008-08-19,1,82,63,73.0,64,67.0,0.0,8.0,503,1848,0.0,29.38,30.08,5.9,4,6.7,19,232,34,8,2008,2042
2008-08-19,2,84,65,75.0,64,68.0,0.0,10.0,503,1848,0.0,29.42,30.05,4.9,5,6.0,19,232,34,8,2008,2042
2008-08-20,1,81,65,73.0,60,65.0,0.0,8.0,504,1846,0.0,29.4,30.12,6.0,9,7.4,20,233,34,8,2008,2042
2008-08-20,2,81,67,74.0,59,65.0,0.0,9.0,504,1846,0.0,29.46,30.1,7.3,10,7.7,20,233,34,8,2008,2042
2008-08-21,1,82,68,75.0,61,66.0,0.0,10.0,505,1845,0.001,29.31,30.03,6.5,15,8.4,21,234,34,8,2008,2042
2008-08-21,2,82,69,76.0,60,66.0,0.0,11.0,505,1845,0.001,29.36,30.02,6.5,14,7.7,21,234,34,8,2008,2042
2008-08-22,1,83,72,78.0,68,71.0,0.0,13.0,506,1843,0.09,29.32,30.03,12.7,19,12.8,22,235,34,8,2008,2042
2008-08-22,2,84,75,80.0,69,72.0,0.0,15.0,506,1843,0.001,29.39,30.02,11.1,19,11.5,22,235,34,8,2008,2042
2008-08-23,1,87,68,78.0,66,70.0,0.0,13.0,508,1842,0.0,29.31,30.02,7.6,25,9.4,23,236,34,8,2008,2042
2008-08-23,2,90,69,80.0,68,71.0,0.0,15.0,508,1842,0.0,29.36,30.0,8.3,24,9.6,23,236,34,8,2008,2042
2008-08-24,1,77,63,70.0,57,62.0,0.0,5.0,509,1840,0.0,29.34,30.05,7.7,3,9.7,24,237,34,8,2008,2042
2008-08-24,2,78,65,72.0,57,63.0,0.0,7.0,509,1840,0.0,29.38,30.03,8.7,3,10.0,24,237,34,8,2008,2042
2008-08-25,1,74,64,69.0,54,60.0,0.0,4.0,510,1839,0.0,29.36,30.08,11.1,5,11.4,25,238,35,8,2008,2043
2008-08-25,2,74,66,70.0,56,61.0,0.0,5.0,510,1839,0.0,29.41,30.06,12.7,5,13.1,25,238,35,8,2008,2043
2008-08-26,1,76,61,69.0,54,60.0,0.0,4.0,511,1837,0.0,29.29,30.03,7.7,7,8.4,26,239,35,8,2008,2043
2008-08-26,2,75,61,68.0,55,61.0,0.0,3.0,511,1837,0.0,29.34,30.01,7.9,7,9.5,26,239,35,8,2008,2043
2008-08-27,1,83,61,72.0,56,63.0,0.0,7.0,512,1835,0.0,29.2,29.93,4.6,7,5.9,27,240,35,8,2008,2043
2008-08-27,2,82,60,71.0,57,63.0,0.0,6.0,512,1835,0.0,29.25,29.91,4.2,9,4.7,27,240,35,8,2008,2043
2008-08-28,1,80,63,72.0,64,67.0,0.0,7.0,513,1834,0.06,29.1,29.82,5.7,19,6.7,28,241,35,8,2008,2043
2008-08-28,2,81,67,74.0,65,68.0,0.0,9.0,513,1834,0.02,29.15,29.8,5.7,19,6.5,28,241,35,8,2008,2043
2008-08-29,1,85,64,75.0,58,65.0,0.0,10.0,514,1832,0.04,29.24,29.93,3.5,35,6.5,29,242,35,8,2008,2043
2008-08-29,2,84,67,76.0,61,66.0,0.0,11.0,514,1832,0.001,29.29,29.91,3.6,2,6.1,29,242,35,8,2008,2043
2008-08-30,1,87,56,72.0,55,62.0,0.0,7.0,515,1831,0.0,29.39,30.09,2.6,24,3.8,30,243,35,8,2008,2043
2008-08-30,2,87,61,74.0,55,64.0,0.0,9.0,515,1831,0.0,29.44,30.07,2.0,23,3.2,30,243,35,8,2008,2043
2008-08-31,1,90,60,75.0,56,64.0,0.0,10.0,516,1829,0.0,29.41,30.13,4.8,13,5.4,31,244,35,8,2008,2043
2008-08-31,2,89,65,77.0,57,65.0,0.0,12.0,516,1829,0.0,29.47,30.11,4.8,12,5.2,31,244,35,8,2008,2043
2008-09-01,1,90,62,76.0,54,63.0,0.0,11.0,517,1827,0.0,29.37,30.09,7.0,14,7.7,1,245,36,9,2008,2044
2008-09-01,2,89,67,78.0,54,64.0,0.0,13.0,517,1827,0.0,29.42,30.07,7.7,12,7.9,1,245,36,9,2008,2044
2008-09-02,1,94,65,80.0,61,68.0,0.0,15.0,518,1826,0.0,29.31,30.02,3.2,21,4.4,2,246,36,9,2008,2044
2008-09-02,2,95,68,82.0,61,68.0,0.0,17.0,518,1826,0.001,29.36,30.0,2.8,17,4.5,2,246,36,9,2008,2044
2008-09-03,1,77,66,72.0,60,64.0,0.0,7.0,519,1824,0.02,29.31,30.02,9.8,1,10.4,3,247,36,9,2008,2044
2008-09-03,2,77,68,73.0,62,65.0,0.0,8.0,519,1824,0.0,29.34,29.99,11.2,1,12.1,3,247,36,9,2008,2044
2008-09-04,1,67,61,64.0,61,62.0,1.0,0.0,520,1822,2.9,29.08,29.82,11.6,3,12.4,4,248,36,9,2008,2044
2008-09-04,2,68,63,66.0,63,64.0,0.0,1.0,520,1822,2.68,29.13,29.8,11.2,3,12.2,4,248,36,9,2008,2044
2008-09-05,1,70,57,64.0,56,59.0,1.0,0.0,521,1821,0.0,29.22,29.93,5.9,34,6.9,5,249,36,9,2008,2044
2008-09-05,2,68,58,63.0,58,60.0,2.0,0.0,521,1821,0.01,29.28,29.92,4.3,32,4.7,5,249,36,9,2008,2044
2008-09-06,1,74,53,64.0,54,58.0,1.0,0.0,522,1819,0.01,29.28,29.98,4.9,27,5.3,6,250,36,9,2008,2044
2008-09-06,2,74,56,65.0,54,59.0,0.0,0.0,522,1819,0.001,29.34,29.98,5.1,28,5.5,6,250,36,9,2008,2044
2008-09-07,1,74,55,65.0,51,57.0,0.0,0.0,523,1817,0.0,29.35,30.06,6.4,26,6.6,7,251,36,9,2008,2044
2008-09-07,2,74,58,66.0,52,58.0,0.0,1.0,523,1817,0.01,29.41,30.05,7.0,26,7.4,7,251,36,9,2008,2044
2008-09-08,1,67,52,60.0,52,55.0,5.0,0.0,524,1815,1.23,29.41,30.11,4.6,34,6.2,8,252,37,9,2008,2045
2008-09-08,2,70,53,62.0,54,56.0,3.0,0.0,524,1815,1.01,29.45,30.1,4.9,33,6.9,8,252,37,9,2008,2045
2008-09-09,1,69,49,59.0,45,52.0,6.0,0.0,525,1814,0.0,29.45,30.17,3.9,36,6.4,9,253,37,9,2008,2045
2008-09-09,2,68,49,59.0,46,52.0,6.0,0.0,525,1814,0.01,29.51,30.17,3.1,36,5.9,9,253,37,9,2008,2045
2008-09-10,1,72,48,60.0,48,54.0,5.0,0.0,526,1812,0.0,29.47,30.21,4.3,14,5.1,10,254,37,9,2008,2045
2008-09-10,2,72,50,61.0,47,54.0,4.0,0.0,526,1812,0.0,29.54,30.2,4.0,14,4.9,10,254,37,9,2008,2045
2008-09-11,1,79,55,67.0,57,61.0,0.0,2.0,527,1810,0.001,29.33,30.08,8.9,18,9.8,11,255,37,9,2008,2045
2008-09-11,2,79,57,68.0,57,62.0,0.0,3.0,527,1810,0.0,29.4,30.07,8.6,18,9.4,11,255,37,9,2008,2045
2008-09-12,1,73,69,71.0,67,68.0,0.0,6.0,528,1809,0.37,29.22,29.96,6.0,22,6.8,12,256,37,9,2008,2045
2008-09-12,2,73,69,71.0,68,69.0,0.0,6.0,528,1809,0.62,29.28,29.95,6.6,23,7.1,12,256,37,9,2008,2045
2008-09-13,1,75,68,72.0,69,70.0,0.0,7.0,529,1807,6.64,28.97,29.71,6.4,21,9.1,13,257,37,9,2008,2045
2008-09-13,2,77,69,73.0,71,72.0,0.0,8.0,529,1807,3.07,29.04,29.7,7.2,22,9.7,13,257,37,9,2008,2045
2008-09-14,1,72,58,65.0,61,62.0,0.0,0.0,530,1805,1.44,28.97,29.67,7.7,31,10.1,14,258,37,9,2008,2045
2008-09-14,2,72,58,65.0,62,63.0,0.0,0.0,530,1805,1.75,29.01,29.66,7.2,32,9.9,14,258,37,9,2008,2045
2008-09-15,1,63,53,58.0,51,55.0,7.0,0.0,531,1803,0.001,29.41,30.1,5.7,34,6.1,15,259,38,9,2008,2046
2008-09-15,2,65,55,60.0,53,56.0,5.0,0.0,531,1803,0.01,29.47,30.09,5.9,33,6.3,15,259,38,9,2008,2046
2008-09-16,1,71,49,60.0,50,55.0,5.0,0.0,532,1760,0.0,29.47,30.19,5.3,23,5.8,16,260,38,9,2008,2046
2008-09-16,2,71,50,61.0,50,55.0,4.0,0.0,532,1760,0.0,29.52,30.18,5.3,24,6.2,16,260,38,9,2008,2046
2008-09-17,1,82,57,70.0,56,60.0,0.0,5.0,533,1758,0.0,29.46,30.18,2.1,29,7.0,17,261,38,9,2008,2046
2008-09-17,2,83,58,71.0,56,61.0,0.0,6.0,533,1758,0.0,29.52,30.17,2.2,28,8.1,17,261,38,9,2008,2046
2008-09-18,1,74,56,65.0,55,60.0,0.0,0.0,535,1756,0.0,29.56,30.28,6.1,9,7.2,18,262,38,9,2008,2046
2008-09-18,2,74,62,68.0,56,60.0,0.0,3.0,535,1756,0.0,29.62,30.27,7.2,9,7.9,18,262,38,9,2008,2046
2008-09-19,1,77,54,66.0,54,59.0,0.0,1.0,536,1755,0.0,29.47,30.2,5.8,19,6.0,19,263,38,9,2008,2046
2008-09-19,2,79,58,69.0,53,60.0,0.0,4.0,536,1755,0.0,29.52,30.19,6.1,18,6.8,19,263,38,9,2008,2046
2008-09-20,1,82,56,69.0,57,61.0,0.0,4.0,537,1753,0.0,29.46,30.17,1.7,16,2.9,20,264,38,9,2008,2046
2008-09-20,2,82,59,71.0,56,62.0,0.0,6.0,537,1753,0.0,29.51,30.16,2.3,12,3.1,20,264,38,9,2008,2046
2008-09-21,1,80,58,69.0,61,64.0,0.0,4.0,538,1751,0.0,29.55,30.26,3.8,5,4.2,21,265,38,9,2008,2046
2008-09-21,2,80,60,70.0,61,65.0,0.0,5.0,538,1751,0.0,29.6,30.24,3.0,9,3.6,21,265,38,9,2008,2046
2008-09-22,1,81,61,71.0,59,64.0,0.0,6.0,539,1749,0.0,29.59,30.31,6.9,11,8.0,22,266,39,9,2008,2047
2008-09-22,2,82,63,73.0,59,64.0,0.0,8.0,539,1749,0.0,29.65,30.3,6.7,12,7.3,22,266,39,9,2008,2047
2008-09-23,1,82,59,71.0,57,62.0,0.0,6.0,540,1748,0.0,29.56,30.29,7.0,15,7.7,23,267,39,9,2008,2047
2008-09-23,2,83,63,73.0,56,63.0,0.0,8.0,540,1748,0.0,29.62,30.28,6.6,15,7.6,23,267,39,9,2008,2047
2008-09-24,1,82,57,70.0,59,63.0,0.0,5.0,541,1746,0.2,29.54,30.27,2.6,23,4.6,24,268,39,9,2008,2047
2008-09-24,2,82,62,72.0,57,63.0,0.0,7.0,541,1746,0.0,29.6,30.25,2.7,21,4.9,24,268,39,9,2008,2047
2008-09-25,1,77,63,70.0,61,64.0,0.0,5.0,542,1744,0.0,29.54,30.27,6.9,4,7.5,25,269,39,9,2008,2047
2008-09-25,2,78,66,72.0,61,65.0,0.0,7.0,542,1744,0.0,29.59,30.25,5.4,4,6.0,25,269,39,9,2008,2047
2008-09-26,1,79,59,69.0,55,60.0,0.0,4.0,543,1742,0.0,29.42,30.16,3.0,6,4.3,26,270,39,9,2008,2047
2008-09-26,2,78,60,69.0,54,61.0,0.0,4.0,543,1742,0.0,29.47,30.14,3.5,6,4.6,26,270,39,9,2008,2047
2008-09-27,1,81,53,67.0,54,60.0,0.0,2.0,544,1741,0.0,29.33,30.06,1.0,3,2.7,27,271,39,9,2008,2047
2008-09-27,2,80,55,68.0,54,60.0,0.0,3.0,544,1741,0.0,29.39,30.04,1.6,7,3.1,27,271,39,9,2008,2047
2008-09-28,1,68,57,63.0,57,60.0,2.0,0.0,545,1739,0.0,29.41,30.13,7.2,4,7.8,28,272,39,9,2008,2047
2008-09-28,2,69,60,65.0,57,60.0,0.0,0.0,545,1739,0.0,29.46,30.11,7.3,4,7.4,28,272,39,9,2008,2047
2008-09-29,1,64,54,59.0,55,57.0,6.0,0.0,546,1737,0.82,29.26,30.0,3.5,33,4.8,29,273,40,9,2008,2048
2008-09-29,2,65,56,61.0,57,59.0,4.0,0.0,546,1737,0.11,29.31,29.99,1.6,33,4.4,29,273,40,9,2008,2048
2008-09-30,1,59,48,54.0,44,49.0,11.0,0.0,547,1735,0.0,29.21,29.95,11.4,31,11.5,30,274,40,9,2008,2048
2008-09-30,2,61,48,55.0,45,50.0,10.0,0.0,547,1735,0.01,29.27,29.94,9.3,31,9.5,30,274,40,9,2008,2048
2008-10-01,1,61,46,54.0,40,47.0,11.0,0.0,548,1734,0.0,29.24,29.97,11.2,33,11.1,1,275,40,10,2008,2048
2008-10-01,2,62,46,54.0,41,47.0,0.0,4.0,548,1734,0.0,29.3,29.96,10.9,33,11.0,1,275,40,10,2008,2048
2008-10-02,1,61,42,52.0,40,47.0,13.0,0.0,549,1732,0.0,29.18,29.91,8.7,28,9.2,2,276,40,10,2008,2048
2008-10-02,2,62,43,53.0,40,47.0,12.0,0.0,549,1732,0.0,29.24,29.92,9.5,28,10.1,2,276,40,10,2008,2048
2008-10-03,1,60,44,52.0,42,47.0,13.0,0.0,550,1730,0.01,29.34,30.05,6.5,3,7.7,3,277,40,10,2008,2048
2008-10-03,2,59,49,54.0,43,49.0,11.0,0.0,550,1730,0.01,29.4,30.04,6.0,6,8.3,3,277,40,10,2008,2048
2008-10-04,1,61,38,50.0,38,45.0,15.0,0.0,552,1729,0.0,29.51,30.23,3.2,11,4.4,4,278,40,10,2008,2048
2008-10-04,2,60,42,51.0,39,46.0,14.0,0.0,552,1729,0.0,29.57,30.23,3.1,11,4.3,4,278,40,10,2008,2048
2008-10-05,1,61,41,51.0,43,48.0,14.0,0.0,553,1727,0.06,29.51,30.25,5.6,11,6.6,5,279,40,10,2008,2048
2008-10-05,2,61,46,54.0,41,49.0,11.0,0.0,553,1727,0.03,29.57,30.24,6.5,11,7.2,5,279,40,10,2008,2048
2008-10-06,1,69,54,62.0,47,54.0,3.0,0.0,554,1725,0.0,29.49,30.23,10.5,11,10.7,6,280,41,10,2008,2049
2008-10-06,2,70,56,63.0,46,54.0,2.0,0.0,554,1725,0.0,29.55,30.23,8.9,12,9.1,6,280,41,10,2008,2049
2008-10-07,1,63,56,60.0,52,56.0,5.0,0.0,555,1724,0.8,29.24,30.01,10.3,13,11.3,7,281,41,10,2008,2049
2008-10-07,2,65,56,61.0,52,56.0,4.0,0.0,555,1724,0.86,29.31,30.01,9.5,14,10.9,7,281,41,10,2008,2049
2008-10-08,1,64,50,57.0,51,54.0,8.0,0.0,556,1722,0.19,29.13,29.85,7.5,26,8.1,8,282,41,10,2008,2049
2008-10-08,2,63,52,58.0,52,55.0,7.0,0.0,556,1722,0.29,29.2,29.86,7.4,26,8.3,8,282,41,10,2008,2049
2008-10-09,1,69,47,58.0,38,49.0,7.0,0.0,557,1720,0.0,29.36,30.05,5.5,29,5.8,9,283,41,10,2008,2049
2008-10-09,2,69,48,59.0,39,49.0,6.0,0.0,557,1720,0.0,29.41,30.05,3.9,29,4.8,9,283,41,10,2008,2049
2008-10-10,1,72,42,57.0,42,50.0,8.0,0.0,558,1719,0.0,29.47,30.18,4.8,11,6.7,10,284,41,10,2008,2049
2008-10-10,2,73,46,60.0,41,51.0,5.0,0.0,558,1719,0.0,29.52,30.17,5.3,11,6.1,10,284,41,10,2008,2049
2008-10-11,1,79,51,65.0,50,57.0,0.0,0.0,559,1717,0.0,29.52,30.24,4.2,14,5.0,11,285,41,10,2008,2049
2008-10-11,2,80,55,68.0,50,57.0,0.0,3.0,559,1717,0.0,29.58,30.24,3.9,14,5.0,11,285,41,10,2008,2049
2008-10-12,1,84,57,71.0,56,61.0,0.0,6.0,600,1715,0.0,29.55,30.27,4.3,15,5.1,12,286,41,10,2008,2049
2008-10-12,2,86,62,74.0,54,62.0,0.0,9.0,600,1715,0.0,29.61,30.26,5.8,16,6.3,12,286,41,10,2008,2049
2008-10-13,1,77,61,69.0,58,63.0,0.0,4.0,602,1714,0.0,29.47,30.21,7.7,20,8.1,13,287,42,10,2008,2050
2008-10-13,2,79,64,72.0,57,63.0,0.0,7.0,602,1714,0.0,29.54,30.2,8.3,20,8.7,13,287,42,10,2008,2050
2008-10-14,1,69,53,61.0,43,51.0,4.0,0.0,603,1712,0.001,29.49,30.22,2.0,30,6.8,14,288,42,10,2008,2050
2008-10-14,2,70,55,63.0,43,52.0,2.0,0.0,603,1712,0.001,29.54,30.21,1.5,34,7.2,14,288,42,10,2008,2050
2008-10-15,1,63,47,55.0,50,53.0,10.0,0.0,604,1711,0.3,29.34,30.06,4.2,32,6.3,15,289,42,10,2008,2050
2008-10-15,2,64,50,57.0,51,54.0,8.0,0.0,604,1711,0.24,29.39,30.05,3.6,32,6.8,15,289,42,10,2008,2050
2008-10-16,1,59,43,51.0,38,44.0,14.0,0.0,605,1709,0.0,29.52,30.25,6.1,35,7.5,16,290,42,10,2008,2050
2008-10-16,2,59,44,52.0,39,45.0,13.0,0.0,605,1709,0.0,29.57,30.24,6.7,35,8.0,16,290,42,10,2008,2050
2008-10-17,1,57,43,50.0,39,44.0,15.0,0.0,606,1707,0.0,29.53,30.26,6.2,36,7.2,17,291,42,10,2008,2050
2008-10-17,2,56,44,50.0,40,46.0,15.0,0.0,606,1707,0.001,29.59,30.25,5.8,36,7.2,17,291,42,10,2008,2050
2008-10-18,1,60,43,52.0,40,45.0,13.0,0.0,607,1706,0.05,29.58,30.32,2.1,7,6.1,18,292,42,10,2008,2050
2008-10-18,2,60,46,53.0,41,47.0,12.0,0.0,607,1706,0.14,29.65,30.32,2.4,7,5.3,18,292,42,10,2008,2050
2008-10-19,1,62,40,51.0,37,45.0,14.0,0.0,608,1704,0.0,29.49,30.24,12.0,19,12.4,19,293,42,10,2008,2050
2008-10-19,2,62,44,53.0,37,46.0,12.0,0.0,608,1704,0.0,29.57,30.25,10.6,19,10.9,19,293,42,10,2008,2050
2008-10-20,1,55,43,49.0,42,46.0,16.0,0.0,610,1703,0.18,29.48,30.21,4.0,31,7.6,20,294,43,10,2008,2051
2008-10-20,2,56,44,50.0,43,47.0,15.0,0.0,610,1703,0.31,29.54,30.21,3.2,31,7.4,20,294,43,10,2008,2051
2008-10-21,1,55,38,47.0,35,42.0,18.0,0.0,611,1701,0.0,29.64,30.37,7.1,2,8.7,21,295,43,10,2008,2051
2008-10-21,2,55,39,47.0,37,43.0,18.0,0.0,611,1701,0.0,29.7,30.37,6.7,3,9.2,21,295,43,10,2008,2051
2008-10-22,1,52,35,44.0,30,40.0,21.0,0.0,612,1660,0.0,29.65,30.39,12.1,12,13.1,22,296,43,10,2008,2051
2008-10-22,2,54,40,47.0,29,40.0,18.0,0.0,612,1660,0.0,29.71,30.4,12.0,12,12.6,22,296,43,10,2008,2051
2008-10-23,1,58,41,50.0,36,44.0,15.0,0.0,613,1658,0.16,29.5,30.27,11.5,12,11.8,23,297,43,10,2008,2051
2008-10-23,2,60,40,50.0,34,43.0,15.0,0.0,613,1658,0.09,29.56,30.27,10.6,12,10.8,23,297,43,10,2008,2051
2008-10-24,1,54,44,49.0,44,47.0,16.0,0.0,614,1657,0.32,29.18,29.96,5.3,19,6.1,24,298,43,10,2008,2051
2008-10-24,2,56,45,51.0,44,47.0,14.0,0.0,614,1657,0.63,29.25,29.97,5.6,20,6.9,24,298,43,10,2008,2051
2008-10-25,1,53,43,48.0,40,44.0,17.0,0.0,616,1656,0.001,29.02,29.77,11.9,22,12.3,25,299,43,10,2008,2051
2008-10-25,2,53,43,48.0,41,45.0,17.0,0.0,616,1656,0.001,29.09,29.79,12.8,23,13.2,25,299,43,10,2008,2051
2008-10-26,1,56,37,47.0,32,41.0,18.0,0.0,617,1654,0.001,29.1,29.8,17.2,27,17.8,26,300,43,10,2008,2051
2008-10-26,2,56,36,46.0,34,41.0,19.0,0.0,617,1654,0.01,29.17,29.81,17.5,27,18.4,26,300,43,10,2008,2051
2008-10-27,1,47,33,40.0,27,35.0,25.0,0.0,618,1653,0.001,29.51,30.2,13.7,31,14.4,27,301,44,10,2008,2052
2008-10-27,2,47,34,41.0,28,35.0,24.0,0.0,618,1653,0.001,29.57,30.21,13.4,31,13.9,27,301,44,10,2008,2052
2008-10-28,1,45,31,38.0,23,33.0,27.0,0.0,619,1651,0.0,29.54,30.29,10.5,30,10.9,28,302,44,10,2008,2052
2008-10-28,2,45,32,39.0,23,33.0,26.0,0.0,619,1651,0.0,29.6,30.31,9.9,30,10.3,28,302,44,10,2008,2052
2008-10-29,1,51,32,42.0,24,34.0,23.0,0.0,620,1650,0.0,29.47,30.21,3.7,32,6.2,29,303,44,10,2008,2052
2008-10-29,2,51,33,42.0,25,35.0,23.0,0.0,620,1650,0.0,29.54,30.22,1.7,29,6.1,29,303,44,10,2008,2052
2008-10-30,1,62,31,47.0,32,41.0,18.0,0.0,622,1649,0.0,29.57,30.31,10.5,19,10.4,30,304,44,10,2008,2052
2008-10-30,2,63,34,49.0,31,41.0,16.0,0.0,622,1649,0.0,29.65,30.33,9.3,19,9.4,30,304,44,10,2008,2052
2008-10-31,1,70,48,59.0,46,51.0,6.0,0.0,623,1647,0.0,29.57,30.3,5.7,22,7.4,31,305,44,10,2008,2052
2008-10-31,2,71,49,60.0,46,51.0,5.0,0.0,623,1647,0.0,29.64,30.3,6.0,22,7.9,31,305,44,10,2008,2052
2009-05-01,1,60,46,53.0,40,47.0,12.0,0.0,448,1849,0.02,29.26,29.98,8.4,29,8.5,1,121,18,5,2009,2027
2009-05-01,2,62,48,55.0,42,48.0,10.0,0.0,448,1849,0.04,29.33,29.98,8.1,29,8.6,1,121,18,5,2009,2027
2009-05-02,1,66,44,55.0,33,45.0,10.0,0.0,447,1850,0.0,29.21,29.94,8.8,26,9.2,2,122,18,5,2009,2027
2009-05-02,2,65,45,55.0,34,46.0,10.0,0.0,447,1850,0.0,29.28,29.95,9.2,27,9.5,2,122,18,5,2009,2027
2009-05-03,1,70,43,57.0,34,47.0,8.0,0.0,446,1851,0.0,29.19,29.92,3.9,26,4.9,3,123,18,5,2009,2027
2009-05-03,2,70,45,58.0,35,48.0,7.0,0.0,446,1851,0.0,29.26,29.92,4.7,26,4.8,3,123,18,5,2009,2027
2009-05-04,1,70,43,57.0,34,47.0,8.0,0.0,444,1852,0.0,29.31,30.02,6.5,9,7.6,4,124,19,5,2009,2028
2009-05-04,2,70,49,60.0,36,48.0,5.0,0.0,444,1852,0.0,29.37,30.02,7.1,9,8.4,4,124,19,5,2009,2028
2009-05-05,1,71,49,60.0,40,50.0,5.0,0.0,443,1853,0.0,29.22,29.95,5.5,13,6.0,5,125,19,5,2009,2028
2009-05-05,2,70,54,62.0,41,51.0,3.0,0.0,443,1853,0.0,29.28,29.95,5.1,12,5.9,5,125,19,5,2009,2028
2009-05-06,1,75,51,63.0,51,55.0,2.0,0.0,442,1855,0.67,29.05,29.79,6.5,19,8.1,6,126,19,5,2009,2028
2009-05-06,2,75,56,66.0,51,56.0,0.0,1.0,442,1855,0.86,29.13,29.8,6.2,19,7.2,6,126,19,5,2009,2028
2009-05-07,1,77,56,67.0,52,57.0,0.0,2.0,441,1856,0.19,29.01,29.73,8.5,25,10.3,7,127,19,5,2009,2028
2009-05-07,2,77,56,67.0,53,58.0,0.0,2.0,441,1856,0.03,29.08,29.74,8.2,24,9.2,7,127,19,5,2009,2028
2009-05-08,1,77,53,65.0,53,58.0,0.0,0.0,439,1857,0.02,28.94,29.68,4.9,21,6.0,8,128,19,5,2009,2028
2009-05-08,2,74,57,66.0,55,59.0,0.0,1.0,439,1857,0.01,29.0,29.67,4.4,20,6.1,8,128,19,5,2009,2028
2009-05-09,1,63,46,55.0,44,48.0,10.0,0.0,438,1858,0.001,29.19,29.87,6.8,29,11.8,9,129,19,5,2009,2028
2009-05-09,2,64,45,55.0,44,49.0,10.0,0.0,438,1858,0.0,29.26,29.87,4.7,28,11.3,9,129,19,5,2009,2028
2009-05-10,1,67,40,54.0,39,46.0,11.0,0.0,437,1859,0.0,29.41,30.11,4.7,30,8.4,10,130,19,5,2009,2028
2009-05-10,2,67,43,55.0,40,47.0,10.0,0.0,437,1859,0.02,29.47,30.11,5.1,30,9.0,10,130,19,5,2009,2028
2009-05-11,1,61,39,50.0,35,44.0,15.0,0.0,436,1860,0.0,29.47,30.2,0.7,8,4.6,11,131,20,5,2009,2029
2009-05-11,2,61,40,51.0,34,44.0,14.0,0.0,436,1860,0.0,29.53,30.2,2.1,7,4.5,11,131,20,5,2009,2029
2009-05-12,1,71,39,55.0,34,47.0,10.0,0.0,435,1901,0.0,29.38,30.13,9.5,16,9.6,12,132,20,5,2009,2029
2009-05-12,2,72,44,58.0,32,47.0,7.0,0.0,435,1901,0.0,29.44,30.13,8.9,16,9.5,12,132,20,5,2009,2029
2009-05-13,1,70,53,62.0,56,58.0,3.0,0.0,434,1902,0.55,29.01,29.76,14.4,19,16.4,13,133,20,5,2009,2029
2009-05-13,2,71,54,63.0,58,60.0,2.0,0.0,434,1902,1.03,29.08,29.77,12.9,18,14.8,13,133,20,5,2009,2029
2009-05-14,1,68,53,61.0,44,52.0,4.0,0.0,433,1903,0.0,29.31,30.0,10.5,27,10.7,14,134,20,5,2009,2029
2009-05-14,2,69,55,62.0,44,53.0,3.0,0.0,433,1903,0.001,29.38,30.0,11.1,27,11.3,14,134,20,5,2009,2029
2009-05-15,1,61,52,57.0,51,54.0,8.0,0.0,432,1904,0.39,29.28,30.0,6.0,16,8.8,15,135,20,5,2009,2029
2009-05-15,2,63,55,59.0,52,55.0,6.0,0.0,432,1904,0.7,29.34,29.99,4.4,15,5.8,15,135,20,5,2009,2029
2009-05-16,1,62,45,54.0,40,49.0,11.0,0.0,431,1905,0.0,29.36,30.05,11.0,29,12.5,16,136,20,5,2009,2029
2009-05-16,2,62,47,55.0,41,50.0,10.0,0.0,431,1905,0.04,29.41,30.05,11.0,30,12.4,16,136,20,5,2009,2029
2009-05-17,1,63,39,51.0,27,42.0,14.0,0.0,430,1906,0.0,29.6,30.32,0.2,33,6.2,17,137,20,5,2009,2029
2009-05-17,2,59,41,50.0,28,42.0,15.0,0.0,430,1906,0.0,29.67,30.32,3.3,9,6.5,17,137,20,5,2009,2029
2009-05-18,1,66,40,53.0,33,45.0,12.0,0.0,429,1907,0.001,29.54,30.29,9.6,19,9.9,18,138,21,5,2009,2030
2009-05-18,2,67,45,56.0,30,45.0,9.0,0.0,429,1907,0.001,29.62,30.3,9.3,19,9.5,18,138,21,5,2009,2030
2009-05-19,1,80,52,66.0,44,55.0,0.0,1.0,428,1908,0.0,29.48,30.21,13.5,21,13.8,19,139,21,5,2009,2030
2009-05-19,2,80,54,67.0,43,54.0,0.0,2.0,428,1908,0.0,29.55,30.22,12.3,21,12.4,19,139,21,5,2009,2030
2009-05-20,1,84,61,73.0,44,57.0,0.0,8.0,427,1909,0.0,29.4,30.13,14.4,20,14.6,20,140,21,5,2009,2030
2009-05-20,2,85,61,73.0,43,57.0,0.0,8.0,427,1909,0.001,29.47,30.13,11.9,20,12.1,20,140,21,5,2009,2030
2009-05-21,1,84,60,72.0,49,59.0,0.0,7.0,426,1910,0.0,29.38,30.09,7.8,23,12.8,21,141,21,5,2009,2030
2009-05-21,2,85,60,73.0,48,59.0,0.0,8.0,426,1910,0.0,29.44,30.09,8.1,25,10.9,21,141,21,5,2009,2030
2009-05-22,1,69,53,61.0,46,53.0,4.0,0.0,425,1911,0.0,29.46,30.18,10.4,4,10.7,22,142,21,5,2009,2030
2009-05-22,2,70,56,63.0,47,54.0,2.0,0.0,425,1911,0.0,29.5,30.16,10.0,3,10.6,22,142,21,5,2009,2030
2009-05-23,1,80,50,65.0,50,57.0,0.0,0.0,425,1912,0.0,29.33,30.06,4.5,7,5.7,23,143,21,5,2009,2030
2009-05-23,2,79,55,67.0,51,58.0,0.0,2.0,425,1912,0.001,29.39,30.05,4.5,8,5.5,23,143,21,5,2009,2030
2009-05-24,1,71,55,63.0,46,53.0,2.0,0.0,424,1913,0.0,29.34,30.07,10.4,4,11.0,24,144,21,5,2009,2030
2009-05-24,2,70,56,63.0,47,54.0,2.0,0.0,424,1913,0.0,29.39,30.05,10.7,3,10.8,24,144,21,5,2009,2030
2009-05-25,1,67,54,61.0,43,51.0,4.0,0.0,423,1914,0.04,29.28,30.02,10.3,6,10.8,25,145,22,5,2009,2031
2009-05-25,2,64,56,60.0,46,53.0,5.0,0.0,423,1914,0.08,29.33,30.0,8.7,6,9.5,25,145,22,5,2009,2031
2009-05-26,1,74,53,64.0,51,55.0,1.0,0.0,422,1915,1.73,29.08,29.82,7.5,5,7.8,26,146,22,5,2009,2031
2009-05-26,2,76,56,66.0,54,58.0,0.0,1.0,422,1915,1.38,29.13,29.81,5.7,6,6.8,26,146,22,5,2009,2031
2009-05-27,1,73,55,64.0,58,60.0,1.0,0.0,422,1916,0.02,28.95,29.68,3.6,24,7.2,27,147,22,5,2009,2031
2009-05-27,2,75,58,67.0,60,63.0,0.0,2.0,422,1916,0.001,29.02,29.67,6.8,24,8.3,27,147,22,5,2009,2031
2009-05-28,1,62,54,58.0,51,54.0,7.0,0.0,421,1916,0.0,29.06,29.76,6.8,30,8.1,28,148,22,5,2009,2031
2009-05-28,2,64,55,60.0,51,54.0,5.0,0.0,421,1916,0.0,29.11,29.75,6.8,29,8.3,28,148,22,5,2009,2031
2009-05-29,1,74,50,62.0,49,55.0,3.0,0.0,421,1917,0.001,29.17,29.88,2.7,32,6.9,29,149,22,5,2009,2031
2009-05-29,2,77,55,66.0,49,55.0,0.0,1.0,421,1917,0.0,29.23,29.87,2.0,31,6.8,29,149,22,5,2009,2031
2009-05-30,1,79,50,65.0,46,54.0,0.0,0.0,420,1918,0.001,29.09,29.81,2.9,27,6.8,30,150,22,5,2009,2031
2009-05-30,2,79,53,66.0,46,55.0,0.0,1.0,420,1918,0.001,29.15,29.8,1.8,29,6.6,30,150,22,5,2009,2031
2009-05-31,1,73,45,59.0,41,50.0,6.0,0.0,420,1919,0.0,29.21,29.94,2.7,10,4.6,31,151,22,5,2009,2031
2009-05-31,2,72,49,61.0,43,52.0,4.0,0.0,420,1919,0.0,29.26,29.93,2.9,9,6.3,31,151,22,5,2009,2031
2009-06-01,1,78,51,65.0,53,57.0,0.0,0.0,419,1920,0.44,29.19,29.89,1.2,34,11.1,1,152,23,6,2009,2032
2009-06-01,2,80,52,66.0,54,58.0,0.0,1.0,419,1920,0.83,29.25,29.88,1.0,34,10.0,1,152,23,6,2009,2032
2009-06-02,1,60,48,54.0,46,50.0,11.0,0.0,419,1920,0.12,29.36,30.09,7.4,3,8.0,2,153,23,6,2009,2032
2009-06-02,2,61,50,56.0,47,51.0,9.0,0.0,419,1920,0.06,29.42,30.07,8.3,3,9.2,2,153,23,6,2009,2032
2009-06-03,1,61,43,52.0,39,46.0,13.0,0.0,418,1921,0.0,29.42,30.15,10.5,4,10.7,3,154,23,6,2009,2032
2009-06-03,2,61,47,54.0,40,48.0,11.0,0.0,418,1921,0.0,29.47,30.13,11.0,2,11.4,3,154,23,6,2009,2032
2009-06-04,1,68,42,55.0,37,48.0,10.0,0.0,418,1922,0.0,29.31,30.05,4.7,4,5.9,4,155,23,6,2009,2032
2009-06-04,2,68,47,58.0,38,49.0,7.0,0.0,418,1922,0.0,29.36,30.05,5.2,5,6.4,4,155,23,6,2009,2032
2009-06-05,1,79,44,62.0,44,54.0,3.0,0.0,417,1923,0.0,29.18,29.91,5.8,26,6.7,5,156,23,6,2009,2032
2009-06-05,2,80,47,64.0,43,54.0,1.0,0.0,417,1923,0.0,29.23,29.91,6.3,25,7.2,5,156,23,6,2009,2032
2009-06-06,1,63,51,57.0,45,50.0,8.0,0.0,417,1923,0.02,29.2,29.93,6.2,5,7.7,6,157,23,6,2009,2032
2009-06-06,2,66,55,61.0,48,53.0,4.0,0.0,417,1923,0.001,29.26,29.92,4.7,3,7.2,6,157,23,6,2009,2032
2009-06-07,1,73,52,63.0,53,57.0,2.0,0.0,417,1924,0.04,29.14,29.87,2.7,8,6.9,7,158,23,6,2009,2032
2009-06-07,2,74,56,65.0,54,59.0,0.0,0.0,417,1924,0.001,29.21,29.86,1.5,11,7.7,7,158,23,6,2009,2032
2009-06-08,1,80,52,66.0,60,63.0,0.0,1.0,417,1925,0.45,29.06,29.77,5.9,24,9.2,8,159,24,6,2009,2033
2009-06-08,2,82,55,69.0,61,65.0,0.0,4.0,417,1925,0.3,29.11,29.76,6.4,25,10.0,8,159,24,6,2009,2033
2009-06-09,1,67,55,61.0,53,56.0,4.0,0.0,416,1925,0.001,29.23,29.94,4.0,6,6.3,9,160,24,6,2009,2033
2009-06-09,2,67,56,62.0,53,56.0,3.0,0.0,416,1925,0.001,29.29,29.94,6.4,8,7.9,9,160,24,6,2009,2033
2009-06-10,1,67,54,61.0,49,53.0,4.0,0.0,416,1926,0.01,29.15,29.89,8.0,5,8.7,10,161,24,6,2009,2033
2009-06-10,2,67,55,61.0,50,55.0,4.0,0.0,416,1926,0.04,29.21,29.88,8.5,4,9.2,10,161,24,6,2009,2033
2009-06-11,1,64,53,59.0,51,54.0,6.0,0.0,416,1926,0.01,29.11,29.83,10.2,3,10.3,11,162,24,6,2009,2033
2009-06-11,2,60,53,57.0,53,54.0,8.0,0.0,416,1926,1.14,29.17,29.82,8.8,1,9.0,11,162,24,6,2009,2033
2009-06-12,1,74,49,62.0,49,55.0,3.0,0.0,416,1927,0.001,29.24,29.95,4.4,7,5.8,12,163,24,6,2009,2033
2009-06-12,2,72,50,61.0,49,55.0,4.0,0.0,416,1927,0.001,29.3,29.95,5.0,6,6.7,12,163,24,6,2009,2033
2009-06-13,1,68,54,61.0,51,55.0,4.0,0.0,416,1927,0.33,29.28,30.0,5.9,5,6.7,13,164,24,6,2009,2033
2009-06-13,2,66,56,61.0,52,55.0,4.0,0.0,416,1927,0.31,29.34,29.99,7.2,4,7.6,13,164,24,6,2009,2033
2009-06-14,1,77,51,64.0,48,57.0,1.0,0.0,416,1928,0.0,29.29,30.01,4.5,4,4.7,14,165,24,6,2009,2033
2009-06-14,2,76,54,65.0,50,57.0,0.0,0.0,416,1928,0.0,29.34,30.0,5.1,5,5.8,14,165,24,6,2009,2033
2009-06-15,1,81,53,67.0,49,58.0,0.0,2.0,416,1928,0.0,29.28,30.01,5.5,9,6.4,15,166,25,6,2009,2034
2009-06-15,2,81,57,69.0,49,58.0,0.0,4.0,416,1928,0.0,29.34,29.99,7.4,9,7.7,15,166,25,6,2009,2034
2009-06-16,1,71,59,65.0,55,60.0,0.0,0.0,416,1929,1.23,29.15,29.89,11.2,10,11.8,16,167,25,6,2009,2034
2009-06-16,2,71,64,68.0,57,61.0,0.0,3.0,416,1929,1.07,29.21,29.87,10.3,11,10.7,16,167,25,6,2009,2034
2009-06-17,1,71,61,66.0,59,62.0,0.0,1.0,416,1929,0.0,29.16,29.88,3.0,36,6.2,17,168,25,6,2009,2034
2009-06-17,2,73,63,68.0,60,63.0,0.0,3.0,416,1929,0.0,29.21,29.87,2.6,34,6.7,17,168,25,6,2009,2034
2009-06-18,1,80,61,71.0,63,67.0,0.0,6.0,416,1929,0.12,29.08,29.97,6.7,16,7.9,18,169,25,6,2009,2034
2009-06-18,2,81,63,72.0,64,67.0,0.0,7.0,416,1929,0.11,29.15,29.79,3.7,17,5.8,18,169,25,6,2009,2034
2009-06-19,1,86,65,76.0,67,69.0,0.0,11.0,416,1930,3.97,28.97,29.7,7.2,18,11.6,19,170,25,6,2009,2034
2009-06-19,2,88,66,77.0,68,70.0,0.0,12.0,416,1930,0.87,29.03,29.68,6.3,18,10.5,19,170,25,6,2009,2034
2009-06-20,1,87,68,78.0,65,70.0,0.0,13.0,416,1930,0.0,29.08,29.76,8.3,29,8.6,20,171,25,6,2009,2034
2009-06-20,2,88,69,79.0,65,70.0,0.0,14.0,416,1930,0.0,29.13,29.74,8.3,28,8.6,20,171,25,6,2009,2034
2009-06-21,1,84,70,77.0,63,68.0,0.0,12.0,416,1930,0.01,29.12,29.82,2.8,7,3.9,21,172,25,6,2009,2034
2009-06-21,2,86,71,79.0,64,69.0,0.0,14.0,416,1930,0.001,29.17,29.8,3.3,9,3.5,21,172,25,6,2009,2034
2009-06-22,1,89,68,79.0,67,71.0,0.0,14.0,417,1931,0.09,29.09,29.79,4.0,11,5.6,22,173,26,6,2009,2035
2009-06-22,2,89,70,80.0,67,71.0,0.0,15.0,417,1931,0.06,29.15,29.77,5.3,12,7.2,22,173,26,6,2009,2035
2009-06-23,1,94,71,83.0,69,73.0,0.0,18.0,417,1931,0.0,29.16,29.87,1.8,14,3.5,23,174,26,6,2009,2035
2009-06-23,2,92,75,84.0,68,73.0,0.0,19.0,417,1931,0.0,29.22,29.85,2.8,13,4.5,23,174,26,6,2009,2035
2009-06-24,1,94,75,85.0,68,73.0,0.0,20.0,417,1931,0.04,29.16,29.87,1.9,22,5.8,24,175,26,6,2009,2035
2009-06-24,2,93,73,83.0,68,73.0,0.0,18.0,417,1931,0.78,29.21,29.85,2.1,23,4.3,24,175,26,6,2009,2035
2009-06-25,1,94,75,85.0,69,73.0,0.0,20.0,417,1931,0.001,29.08,29.8,2.4,32,4.9,25,176,26,6,2009,2035
2009-06-25,2,93,76,85.0,68,73.0,0.0,20.0,417,1931,0.0,29.15,29.77,1.8,26,4.6,25,176,26,6,2009,2035
2009-06-26,1,86,69,78.0,60,61.0,0.0,13.0,418,1931,0.0,29.28,29.85,6.4,4,8.2,26,177,26,6,2009,2035
2009-06-26,2,86,72,79.0,61,67.0,0.0,14.0,418,1931,0.0,29.2,29.83,6.4,4,8.0,26,177,26,6,2009,2035
2009-06-27,1,89,62,76.0,61,67.0,0.0,11.0,418,1931,0.3,29.1,29.82,5.1,21,6.9,27,178,26,6,2009,2035
2009-06-27,2,90,67,79.0,60,67.0,0.0,14.0,418,1931,0.05,29.18,29.8,6.0,22,6.9,27,178,26,6,2009,2035
2009-06-28,1,83,66,75.0,53,62.0,0.0,10.0,419,1931,0.0,29.0,29.73,13.2,29,13.6,28,179,26,6,2009,2035
2009-06-28,2,83,68,76.0,53,62.0,0.0,11.0,419,1931,0.0,29.08,29.71,14.1,29,14.6,28,179,26,6,2009,2035
2009-06-29,1,77,63,70.0,54,61.0,0.0,5.0,419,1931,0.0,28.89,29.6,12.2,30,12.7,29,180,27,6,2009,2036
2009-06-29,2,78,65,72.0,54,61.0,0.0,7.0,419,1931,0.0,28.95,29.59,13.4,30,14.1,29,180,27,6,2009,2036
2009-06-30,1,66,59,63.0,53,57.0,2.0,0.0,419,1931,0.0,28.95,29.65,8.9,30,9.1,30,181,27,6,2009,2036
2009-06-30,2,68,61,65.0,53,58.0,0.0,0.0,419,1931,0.0,29.0,29.64,8.1,30,8.3,30,181,27,6,2009,2036
2009-07-01,1,65,57,61.0,52,56.0,4.0,0.0,420,1931,0.001,29.07,29.77,8.2,32,8.7,1,182,27,7,2009,2036
2009-07-01,2,65,57,61.0,54,57.0,4.0,0.0,420,1931,0.02,29.13,29.76,6.6,31,7.4,1,182,27,7,2009,2036
2009-07-02,1,73,59,66.0,54,60.0,0.0,1.0,420,1931,0.0,29.26,29.95,8.4,31,8.8,2,183,27,7,2009,2036
2009-07-02,2,73,60,67.0,55,60.0,0.0,2.0,420,1931,0.0,29.31,29.94,5.7,31,7.6,2,183,27,7,2009,2036
2009-07-03,1,79,63,71.0,56,62.0,0.0,6.0,421,1931,0.0,29.36,30.06,1.2,34,5.8,3,184,27,7,2009,2036
2009-07-03,2,79,62,71.0,56,62.0,0.0,6.0,421,1931,0.0,29.41,30.05,1.8,2,6.5,3,184,27,7,2009,2036
2009-07-04,1,69,59,64.0,58,61.0,1.0,0.0,422,1930,0.2,29.26,29.99,1.8,13,3.8,4,185,27,7,2009,2036
2009-07-04,2,69,63,66.0,58,62.0,0.0,1.0,422,1930,0.12,29.31,29.98,3.4,14,4.7,4,185,27,7,2009,2036
2009-07-05,1,81,57,69.0,58,63.0,0.0,4.0,422,1930,0.05,29.2,29.92,0.7,34,2.4,5,186,27,7,2009,2036
2009-07-05,2,82,61,72.0,59,64.0,0.0,7.0,422,1930,0.03,29.25,29.9,0.3,36,2.6,5,186,27,7,2009,2036
2009-07-06,1,86,60,73.0,54,62.0,0.0,8.0,423,1930,0.0,29.14,29.86,7.5,31,7.8,6,187,28,7,2009,2037
2009-07-06,2,85,63,74.0,54,63.0,0.0,9.0,423,1930,0.0,29.2,29.84,4.2,30,5.5,6,187,28,7,2009,2037
2009-07-07,1,77,59,68.0,54,60.0,0.0,3.0,423,1930,0.001,29.18,29.89,5.9,7,7.0,7,188,28,7,2009,2037
2009-07-07,2,76,65,71.0,55,61.0,0.0,6.0,423,1930,0.0,29.24,29.88,5.9,7,7.5,7,188,28,7,2009,2037
2009-07-08,1,65,61,63.0,56,59.0,2.0,0.0,424,1929,0.06,29.28,29.99,6.8,6,7.0,8,189,28,7,2009,2037
2009-07-08,2,68,62,65.0,55,59.0,0.0,0.0,424,1929,0.17,29.34,29.98,7.0,8,7.4,8,189,28,7,2009,2037
2009-07-09,1,79,59,69.0,57,63.0,0.0,4.0,425,1929,0.0,29.35,30.07,5.8,11,6.9,9,190,28,7,2009,2037
2009-07-09,2,80,63,72.0,58,64.0,0.0,7.0,425,1929,0.0,29.41,30.05,6.5,10,7.3,9,190,28,7,2009,2037
2009-07-10,1,82,63,73.0,64,67.0,0.0,8.0,425,1929,0.08,29.34,30.06,4.4,21,4.9,10,191,28,7,2009,2037
2009-07-10,2,84,67,76.0,65,68.0,0.0,11.0,425,1929,0.12,29.41,30.04,3.6,21,4.6,10,191,28,7,2009,2037
2009-07-11,1,85,63,74.0,59,65.0,0.0,9.0,426,1928,0.25,29.34,30.04,4.8,31,7.0,11,192,28,7,2009,2037
2009-07-11,2,85,68,77.0,60,67.0,0.0,12.0,426,1928,1.12,29.39,30.02,5.9,29,7.6,11,192,28,7,2009,2037
2009-07-12,1,82,58,70.0,51,60.0,0.0,5.0,427,1928,0.0,29.35,30.07,2.9,29,5.7,12,193,28,7,2009,2037
2009-07-12,2,82,60,71.0,50,60.0,0.0,6.0,427,1928,0.0,29.41,30.05,1.9,33,5.2,12,193,28,7,2009,2037
2009-07-13,1,79,61,70.0,46,57.0,0.0,5.0,428,1927,0.0,29.36,30.07,4.8,7,5.8,13,194,29,7,2009,2038
2009-07-13,2,78,66,72.0,48,59.0,0.0,7.0,428,1927,0.0,29.41,30.05,5.8,7,7.4,13,194,29,7,2009,2038
2009-07-14,1,80,55,68.0,51,59.0,0.0,3.0,428,1927,0.0,29.34,30.07,6.7,16,7.5,14,195,29,7,2009,2038
2009-07-14,2,81,60,71.0,49,60.0,0.0,6.0,428,1927,0.0,29.41,30.06,7.5,16,7.7,14,195,29,7,2009,2038
2009-07-15,1,85,65,75.0,62,67.0,0.0,10.0,429,1926,0.68,29.18,29.9,10.0,24,12.4,15,196,29,7,2009,2038
2009-07-15,2,86,67,77.0,62,67.0,0.0,12.0,429,1926,0.32,29.23,29.88,10.0,25,13.8,15,196,29,7,2009,2038
2009-07-16,1,80,64,72.0,56,62.0,0.0,7.0,430,1925,0.001,29.17,29.89,9.9,28,10.8,16,197,29,7,2009,2038
2009-07-16,2,82,65,74.0,57,63.0,0.0,9.0,430,1925,0.17,29.23,29.88,9.6,28,10.3,16,197,29,7,2009,2038
2009-07-17,1,70,57,64.0,51,56.0,1.0,0.0,431,1925,0.0,29.15,29.87,10.6,30,10.8,17,198,29,7,2009,2038
2009-07-17,2,70,58,64.0,52,57.0,1.0,0.0,431,1925,0.001,29.21,29.86,10.1,29,10.4,17,198,29,7,2009,2038
2009-07-18,1,72,57,65.0,52,57.0,0.0,0.0,432,1924,0.0,29.31,30.01,8.1,31,8.2,18,199,29,7,2009,2038
2009-07-18,2,73,58,66.0,52,58.0,0.0,1.0,432,1924,0.0,29.36,30.0,6.6,32,7.1,18,199,29,7,2009,2038
2009-07-19,1,71,57,64.0,52,58.0,1.0,0.0,433,1923,0.0,29.39,30.11,1.3,36,4.0,19,200,29,7,2009,2038
2009-07-19,2,73,60,67.0,53,59.0,0.0,2.0,433,1923,0.0,29.45,30.1,1.4,4,4.6,19,200,29,7,2009,2038
2009-07-20,1,76,55,66.0,55,60.0,0.0,1.0,433,1923,0.0,29.36,30.09,5.1,9,5.5,20,201,30,7,2009,2039
2009-07-20,2,76,59,68.0,56,61.0,0.0,3.0,433,1923,0.0,29.42,30.08,6.2,10,6.5,20,201,30,7,2009,2039
2009-07-21,1,80,58,69.0,57,62.0,0.0,4.0,434,1922,0.04,29.28,30.01,3.1,13,5.8,21,202,30,7,2009,2039
2009-07-21,2,82,64,73.0,56,63.0,0.0,8.0,434,1922,0.0,29.33,29.99,4.9,14,6.3,21,202,30,7,2009,2039
2009-07-22,1,78,63,71.0,61,64.0,0.0,6.0,435,1921,0.001,29.23,29.95,3.5,3,5.0,22,203,30,7,2009,2039
2009-07-22,2,79,66,73.0,59,64.0,0.0,8.0,435,1921,0.0,29.28,29.93,2.8,11,5.9,22,203,30,7,2009,2039
2009-07-23,1,82,62,72.0,58,63.0,0.0,7.0,436,1920,0.0,29.21,29.93,2.6,32,5.0,23,204,30,7,2009,2039
2009-07-23,2,79,63,71.0,60,64.0,0.0,6.0,436,1920,0.1,29.26,29.91,1.7,1,6.0,23,204,30,7,2009,2039
2009-07-24,1,83,61,72.0,59,64.0,0.0,7.0,437,1919,0.14,29.08,29.83,8.9,23,9.8,24,205,30,7,2009,2039
2009-07-24,2,83,62,73.0,60,65.0,0.0,8.0,437,1919,0.19,29.14,29.82,8.7,23,9.6,24,205,30,7,2009,2039
2009-07-25,1,81,66,74.0,58,64.0,0.0,9.0,438,1918,0.0,29.02,29.73,10.6,28,11.1,25,206,30,7,2009,2039
2009-07-25,2,81,66,74.0,59,65.0,0.0,9.0,438,1918,0.001,29.08,29.71,10.8,27,11.5,25,206,30,7,2009,2039
2009-07-26,1,82,63,73.0,58,64.0,0.0,8.0,439,1918,0.001,29.13,29.82,8.0,29,8.6,26,207,30,7,2009,2039
2009-07-26,2,82,64,73.0,59,65.0,0.0,8.0,439,1918,0.0,29.18,29.8,9.1,29,9.4,26,207,30,7,2009,2039
2009-07-27,1,84,64,74.0,61,66.0,0.0,9.0,440,1917,0.02,29.13,29.86,9.3,23,10.1,27,208,31,7,2009,2040
2009-07-27,2,84,66,75.0,61,67.0,0.0,10.0,440,1917,0.03,29.21,29.85,9.2,23,9.6,27,208,31,7,2009,2040
2009-07-28,1,84,66,75.0,60,66.0,0.0,10.0,441,1916,0.01,29.08,29.78,6.4,28,8.0,28,209,31,7,2009,2040
2009-07-28,2,86,68,77.0,62,67.0,0.0,12.0,441,1916,0.01,29.13,29.77,6.5,28,7.7,28,209,31,7,2009,2040
2009-07-29,1,81,62,72.0,51,59.0,0.0,7.0,442,1915,0.0,29.13,29.84,4.2,35,7.1,29,210,31,7,2009,2040
2009-07-29,2,79,66,73.0,52,61.0,0.0,8.0,442,1915,0.0,29.19,29.82,3.8,3,7.1,29,210,31,7,2009,2040
2009-07-30,1,79,59,69.0,57,62.0,0.0,4.0,443,1914,0.001,29.15,29.85,4.4,23,5.5,30,211,31,7,2009,2040
2009-07-30,2,80,65,73.0,57,63.0,0.0,8.0,443,1914,0.001,29.2,29.84,4.9,24,6.3,30,211,31,7,2009,2040
2009-07-31,1,81,58,70.0,54,61.0,0.0,5.0,444,1913,0.0,29.23,29.94,6.2,26,7.3,31,212,31,7,2009,2040
2009-07-31,2,82,62,72.0,55,62.0,0.0,7.0,444,1913,0.0,29.29,29.92,5.9,27,6.7,31,212,31,7,2009,2040
2009-08-01,1,75,61,68.0,59,62.0,0.0,3.0,445,1911,0.001,29.18,29.91,11.6,22,11.4,1,213,31,8,2009,2040
2009-08-01,2,75,63,69.0,59,63.0,0.0,4.0,445,1911,0.01,29.24,29.9,10.6,23,10.5,1,213,31,8,2009,2040
2009-08-02,1,78,57,68.0,51,59.0,0.0,3.0,446,1910,0.0,29.2,29.93,6.8,25,9.6,2,214,31,8,2009,2040
2009-08-02,2,79,58,69.0,52,59.0,0.0,4.0,446,1910,0.0,29.26,29.92,6.2,26,8.4,2,214,31,8,2009,2040
2009-08-03,1,84,67,76.0,60,66.0,0.0,11.0,447,1909,0.07,29.1,29.82,12.2,21,12.4,3,215,32,8,2009,2041
2009-08-03,2,86,68,77.0,61,66.0,0.0,12.0,447,1909,0.06,29.17,29.81,11.0,21,11.3,3,215,32,8,2009,2041
2009-08-04,1,85,67,76.0,61,67.0,0.0,11.0,448,1908,0.0,29.17,29.87,2.5,2,5.8,4,216,32,8,2009,2041
2009-08-04,2,86,69,78.0,63,68.0,0.0,13.0,448,1908,0.0,29.21,29.85,1.8,5,6.2,4,216,32,8,2009,2041
2009-08-05,1,79,61,70.0,54,61.0,0.0,5.0,449,1907,0.0,29.34,30.05,2.9,6,4.2,5,217,32,8,2009,2041
2009-08-05,2,79,66,73.0,56,63.0,0.0,8.0,449,1907,0.0,29.4,30.03,3.8,6,5.6,5,217,32,8,2009,2041
2009-08-06,1,82,60,71.0,51,60.0,0.0,6.0,450,1906,0.0,29.39,30.09,1.4,6,5.4,6,218,32,8,2009,2041
2009-08-06,2,81,62,72.0,51,60.0,0.0,7.0,450,1906,0.0,29.44,30.08,3.4,9,5.5,6,218,32,8,2009,2041
2009-08-07,1,74,64,69.0,59,63.0,0.0,4.0,451,1904,0.33,29.36,30.09,7.3,15,7.8,7,219,32,8,2009,2041
2009-08-07,2,74,67,71.0,59,63.0,0.0,6.0,451,1904,0.23,29.41,30.08,6.4,15,7.2,7,219,32,8,2009,2041
2009-08-08,1,89,68,79.0,70,73.0,0.0,14.0,452,1903,0.02,29.2,29.92,12.9,21,13.6,8,220,32,8,2009,2041
2009-08-08,2,89,69,79.0,70,73.0,0.0,14.0,452,1903,0.08,29.26,29.92,12.2,21,12.8,8,220,32,8,2009,2041
2009-08-09,1,91,77,84.0,71,74.0,0.0,19.0,453,1902,0.18,29.23,29.94,11.6,23,12.9,9,221,32,8,2009,2041
2009-08-09,2,92,77,85.0,72,75.0,0.0,20.0,453,1902,0.02,29.29,29.92,11.1,23,12.3,9,221,32,8,2009,2041
2009-08-10,1,85,70,78.0,65,69.0,0.0,13.0,454,1900,0.0,29.24,29.95,6.9,26,7.2,10,222,33,8,2009,2042
2009-08-10,2,86,71,79.0,66,70.0,0.0,14.0,454,1900,0.0,29.31,29.94,8.3,26,8.9,10,222,33,8,2009,2042
2009-08-11,1,82,62,72.0,61,66.0,0.0,7.0,455,1859,0.0,29.3,30.0,6.3,2,8.0,11,223,33,8,2009,2042
2009-08-11,2,81,65,73.0,62,66.0,0.0,8.0,455,1859,0.0,29.36,29.98,6.1,2,8.7,11,223,33,8,2009,2042
2009-08-12,1,83,60,72.0,55,62.0,0.0,7.0,456,1858,0.0,29.39,30.09,3.7,4,5.9,12,224,33,8,2009,2042
2009-08-12,2,82,63,73.0,56,63.0,0.0,8.0,456,1858,0.0,29.44,30.07,5.5,5,7.0,12,224,33,8,2009,2042
2009-08-13,1,86,60,73.0,55,63.0,0.0,8.0,457,1856,0.0,29.38,30.1,1.5,14,3.8,13,225,33,8,2009,2042
2009-08-13,2,86,63,75.0,55,63.0,0.0,10.0,457,1856,0.0,29.44,30.09,2.0,16,4.0,13,225,33,8,2009,2042
2009-08-14,1,88,63,76.0,59,66.0,0.0,11.0,458,1855,0.0,29.38,30.1,5.4,21,5.7,14,226,33,8,2009,2042
2009-08-14,2,88,67,78.0,59,66.0,0.0,13.0,458,1855,0.0,29.44,30.08,6.3,21,6.5,14,226,33,8,2009,2042
2009-08-15,1,89,67,78.0,61,67.0,0.0,13.0,459,1854,0.0,29.32,30.04,8.7,19,8.9,15,227,33,8,2009,2042
2009-08-15,2,89,70,80.0,61,68.0,0.0,15.0,459,1854,0.0,29.38,30.02,8.3,19,8.7,15,227,33,8,2009,2042
2009-08-16,1,88,70,79.0,67,70.0,0.0,14.0,500,1852,0.63,29.27,29.99,9.5,20,10.2,16,228,33,8,2009,2042
2009-08-16,2,90,71,81.0,68,71.0,0.0,16.0,500,1852,0.27,29.34,29.97,9.3,21,10.1,16,228,33,8,2009,2042
2009-08-17,1,83,70,77.0,68,70.0,0.0,12.0,501,1851,0.33,29.28,30.0,4.6,22,5.8,17,229,34,8,2009,2043
2009-08-17,2,83,71,77.0,68,71.0,0.0,12.0,501,1851,0.59,29.34,29.98,5.1,22,7.5,17,229,34,8,2009,2043
2009-08-18,1,83,65,74.0,59,65.0,0.0,9.0,502,1849,0.0,29.28,29.99,7.5,27,8.1,18,230,34,8,2009,2043
2009-08-18,2,84,66,75.0,61,66.0,0.0,10.0,502,1849,0.0,29.33,29.97,8.0,27,8.3,18,230,34,8,2009,2043
2009-08-19,1,83,59,71.0,60,65.0,0.0,6.0,503,1848,0.35,29.08,29.83,5.7,16,8.7,19,231,34,8,2009,2043
2009-08-19,2,81,64,73.0,62,66.0,0.0,8.0,503,1848,0.61,29.15,29.82,5.9,16,8.2,19,231,34,8,2009,2043
2009-08-20,1,78,64,71.0,61,65.0,0.0,6.0,504,1846,0.07,28.93,29.66,12.1,23,12.5,20,232,34,8,2009,2043
2009-08-20,2,79,64,72.0,61,65.0,0.0,7.0,504,1846,0.12,29.0,29.65,12.2,23,12.7,20,232,34,8,2009,2043
2009-08-21,1,73,59,66.0,58,61.0,0.0,1.0,505,1845,0.16,29.07,29.75,7.7,27,10.7,21,233,34,8,2009,2043
2009-08-21,2,74,59,67.0,58,61.0,0.0,2.0,505,1845,0.05,29.13,29.75,10.1,27,13.2,21,233,34,8,2009,2043
2009-08-22,1,68,57,63.0,52,56.0,2.0,0.0,506,1843,0.0,29.31,30.0,7.8,1,9.4,22,234,34,8,2009,2043
2009-08-22,2,69,58,64.0,52,57.0,1.0,0.0,506,1843,0.0,29.36,29.99,9.4,36,10.4,22,234,34,8,2009,2043
2009-08-23,1,74,56,65.0,53,58.0,0.0,0.0,508,1842,0.0,29.38,30.09,2.7,2,6.4,23,235,34,8,2009,2043
2009-08-23,2,73,58,66.0,55,59.0,0.0,1.0,508,1842,0.0,29.44,30.08,3.5,5,7.6,23,235,34,8,2009,2043
2009-08-24,1,79,54,67.0,56,61.0,0.0,2.0,509,1840,0.0,29.41,30.13,3.8,21,5.1,24,236,35,8,2009,2044
2009-08-24,2,79,57,68.0,57,62.0,0.0,3.0,509,1840,0.0,29.47,30.12,5.0,21,5.7,24,236,35,8,2009,2044
2009-08-25,1,83,59,71.0,61,65.0,0.0,6.0,510,1839,0.0,29.33,30.05,9.1,21,9.2,25,237,35,8,2009,2044
2009-08-25,2,82,61,72.0,61,65.0,0.0,7.0,510,1839,0.0,29.39,30.04,8.3,21,8.6,25,237,35,8,2009,2044
2009-08-26,1,73,62,68.0,62,64.0,0.0,3.0,511,1837,0.93,29.36,30.08,5.2,2,7.8,26,238,35,8,2009,2044
2009-08-26,2,72,64,68.0,64,65.0,0.0,3.0,511,1837,0.54,29.42,30.07,3.9,2,7.3,26,238,35,8,2009,2044
2009-08-27,1,67,61,64.0,60,61.0,1.0,0.0,512,1835,0.95,29.36,30.08,9.1,7,9.7,27,239,35,8,2009,2044
2009-08-27,2,67,62,65.0,61,63.0,0.0,0.0,512,1835,1.19,29.41,30.07,10.7,8,11.0,27,239,35,8,2009,2044
2009-08-28,1,68,60,64.0,61,62.0,1.0,0.0,513,1834,0.22,29.18,29.93,3.4,2,5.7,28,240,35,8,2009,2044
2009-08-28,2,71,61,66.0,61,63.0,0.0,1.0,513,1834,0.28,29.24,29.92,2.6,2,5.4,28,240,35,8,2009,2044
2009-08-29,1,69,56,63.0,51,56.0,2.0,0.0,514,1832,0.02,29.18,29.89,11.4,31,11.8,29,241,35,8,2009,2044
2009-08-29,2,69,56,63.0,52,57.0,2.0,0.0,514,1832,0.01,29.24,29.88,10.4,31,11.1,29,241,35,8,2009,2044
2009-08-30,1,66,51,59.0,47,52.0,6.0,0.0,515,1831,0.0,29.44,30.14,8.2,1,9.3,30,242,35,8,2009,2044
2009-08-30,2,66,51,59.0,47,53.0,6.0,0.0,515,1831,0.001,29.5,30.13,9.4,1,10.5,30,242,35,8,2009,2044
2009-08-31,1,68,49,59.0,44,52.0,6.0,0.0,516,1829,0.0,29.55,30.27,4.8,3,6.0,31,243,36,8,2009,2045
2009-08-31,2,67,49,58.0,44,52.0,7.0,0.0,516,1829,0.0,29.6,30.26,5.3,4,6.8,31,243,36,8,2009,2045
2009-09-01,1,72,47,60.0,47,53.0,5.0,0.0,517,1827,0.0,29.57,30.31,3.3,4,3.4,1,244,36,9,2009,2045
2009-09-01,2,71,50,61.0,49,55.0,4.0,0.0,517,1827,0.0,29.63,30.3,3.2,6,3.5,1,244,36,9,2009,2045
2009-09-02,1,73,50,62.0,50,56.0,3.0,0.0,518,1826,0.0,29.51,30.25,4.1,6,5.1,2,245,36,9,2009,2045
2009-09-02,2,72,53,63.0,51,56.0,2.0,0.0,518,1826,0.0,29.56,30.23,3.2,8,3.9,2,245,36,9,2009,2045
2009-09-03,1,75,56,66.0,54,59.0,0.0,1.0,519,1824,0.0,29.42,30.16,4.7,5,6.0,3,246,36,9,2009,2045
2009-09-03,2,75,57,66.0,55,60.0,0.0,1.0,519,1824,0.0,29.48,30.14,5.2,6,5.9,3,246,36,9,2009,2045
2009-09-04,1,75,54,65.0,54,59.0,0.0,0.0,520,1822,0.0,29.44,30.15,3.6,4,4.1,4,247,36,9,2009,2045
2009-09-04,2,75,58,67.0,55,60.0,0.0,2.0,520,1822,0.0,29.49,30.14,3.8,4,4.4,4,247,36,9,2009,2045
2009-09-05,1,78,54,66.0,57,61.0,0.0,1.0,521,1821,0.0,29.49,30.21,4.3,4,5.3,5,248,36,9,2009,2045
2009-09-05,2,78,57,68.0,57,62.0,0.0,3.0,521,1821,0.0,29.54,30.19,5.2,6,5.8,5,248,36,9,2009,2045
2009-09-06,1,77,61,69.0,59,63.0,0.0,4.0,522,1819,0.03,29.47,30.19,4.2,5,5.3,6,249,36,9,2009,2045
2009-09-06,2,77,66,72.0,59,64.0,0.0,7.0,522,1819,0.001,29.52,30.17,6.3,8,6.6,6,249,36,9,2009,2045
2009-09-07,1,77,59,68.0,59,62.0,0.0,3.0,523,1817,0.0,29.39,29.97,5.8,3,4.0,7,250,37,9,2009,2046
2009-09-07,2,77,63,70.0,59,63.0,0.0,5.0,523,1817,0.0,29.44,30.09,6.3,4,6.9,7,250,37,9,2009,2046
2009-09-08,1,78,60,69.0,60,63.0,0.0,4.0,524,1815,0.0,29.36,30.07,6.6,3,7.3,8,251,37,9,2009,2046
2009-09-08,2,78,62,70.0,62,65.0,0.0,5.0,524,1815,0.0,29.41,30.05,6.9,4,8.0,8,251,37,9,2009,2046
2009-09-09,1,78,65,72.0,63,65.0,0.0,7.0,525,1814,0.0,29.42,30.14,6.1,6,6.9,9,252,37,9,2009,2046
2009-09-09,2,77,68,73.0,63,66.0,0.0,8.0,525,1814,0.0,29.47,30.12,6.8,7,7.2,9,252,37,9,2009,2046
2009-09-10,1,81,64,73.0,62,65.0,0.0,8.0,526,1812,0.0,29.48,30.2,6.0,6,6.8,10,253,37,9,2009,2046
2009-09-10,2,80,65,73.0,62,66.0,0.0,8.0,526,1812,0.0,29.54,30.17,6.6,7,7.3,10,253,37,9,2009,2046
2009-09-11,1,80,61,71.0,59,63.0,0.0,6.0,527,1810,0.0,29.44,30.17,5.1,7,5.6,11,254,37,9,2009,2046
2009-09-11,2,78,64,71.0,59,64.0,0.0,6.0,527,1810,0.0,29.49,30.15,6.4,8,6.7,11,254,37,9,2009,2046
2009-09-12,1,79,58,69.0,60,63.0,0.0,4.0,528,1809,0.0,29.41,30.14,3.7,3,4.8,12,255,37,9,2009,2046
2009-09-12,2,78,61,70.0,61,64.0,0.0,5.0,528,1809,0.0,29.47,30.12,3.2,6,4.5,12,255,37,9,2009,2046
2009-09-13,1,80,58,69.0,54,60.0,0.0,4.0,529,1807,0.0,29.39,30.12,1.5,7,3.0,13,256,37,9,2009,2046
2009-09-13,2,79,57,68.0,55,61.0,0.0,3.0,529,1807,0.01,29.45,30.11,2.5,7,4.2,13,256,37,9,2009,2046
2009-09-14,1,84,58,71.0,55,61.0,0.0,6.0,530,1805,0.0,29.34,30.07,0.1,33,2.1,14,257,38,9,2009,2047
2009-09-14,2,84,59,72.0,56,62.0,0.0,7.0,530,1805,0.0,29.4,30.05,1.1,13,2.7,14,257,38,9,2009,2047
2009-09-15,1,82,64,73.0,59,63.0,0.0,8.0,531,1803,0.0,29.36,30.07,6.2,2,7.8,15,258,38,9,2009,2047
2009-09-15,2,83,63,73.0,58,64.0,0.0,8.0,531,1803,0.0,29.41,30.05,5.8,2,6.7,15,258,38,9,2009,2047
2009-09-16,1,71,59,65.0,54,59.0,0.0,0.0,532,1760,0.0,29.49,30.2,11.0,5,11.4,16,259,38,9,2009,2047
2009-09-16,2,72,62,67.0,54,60.0,0.0,2.0,532,1760,0.0,29.54,30.18,12.5,6,13.4,16,259,38,9,2009,2047
2009-09-17,1,72,50,61.0,52,56.0,4.0,0.0,533,1758,0.0,29.45,30.18,3.4,5,4.2,17,260,38,9,2009,2047
2009-09-17,2,71,54,63.0,51,57.0,2.0,0.0,533,1758,0.0,29.51,30.17,4.5,8,5.4,17,260,38,9,2009,2047
2009-09-18,1,79,50,65.0,55,59.0,0.0,0.0,535,1756,0.0,29.46,30.18,5.1,2,6.4,18,261,38,9,2009,2047
2009-09-18,2,79,52,66.0,55,59.0,0.0,1.0,535,1756,0.0,29.52,30.17,5.3,3,6.7,18,261,38,9,2009,2047
2009-09-19,1,76,55,66.0,55,59.0,0.0,1.0,536,1755,0.0,29.48,30.21,3.2,10,5.9,19,262,38,9,2009,2047
2009-09-19,2,75,58,67.0,55,60.0,0.0,2.0,536,1755,0.0,29.54,30.2,4.4,10,5.8,19,262,38,9,2009,2047
2009-09-20,1,73,54,64.0,56,60.0,1.0,0.0,537,1753,0.75,29.28,30.04,6.4,7,7.9,20,263,38,9,2009,2047
2009-09-20,2,71,54,63.0,56,60.0,2.0,0.0,537,1753,0.44,29.34,30.02,5.9,8,7.3,20,263,38,9,2009,2047
2009-09-21,1,67,60,64.0,59,61.0,1.0,0.0,538,1751,0.001,29.26,29.98,3.5,23,4.6,21,264,39,9,2009,2048
2009-09-21,2,69,63,66.0,60,62.0,0.0,1.0,538,1751,0.001,29.31,29.97,3.6,23,5.5,21,264,39,9,2009,2048
2009-09-22,1,77,59,68.0,65,67.0,0.0,3.0,539,1749,0.0,29.28,29.98,5.2,17,7.7,22,265,39,9,2009,2048
2009-09-22,2,76,63,70.0,65,67.0,0.0,5.0,539,1749,0.04,29.34,29.97,5.2,18,7.3,22,265,39,9,2009,2048
2009-09-23,1,76,62,69.0,62,64.0,0.0,4.0,540,1748,0.0,29.42,30.12,0.6,32,4.0,23,266,39,9,2009,2048
2009-09-23,2,76,62,69.0,63,64.0,0.0,4.0,540,1748,0.0,29.47,30.11,0.8,31,4.7,23,266,39,9,2009,2048
2009-09-24,1,73,64,69.0,63,65.0,0.0,4.0,541,1746,0.0,29.44,30.16,4.3,6,4.7,24,267,39,9,2009,2048
2009-09-24,2,71,64,68.0,62,64.0,0.0,3.0,541,1746,0.0,29.49,30.15,4.1,7,4.4,24,267,39,9,2009,2048
2009-09-25,1,70,60,65.0,57,60.0,0.0,0.0,542,1744,0.16,29.39,30.12,5.4,11,7.3,25,268,39,9,2009,2048
2009-09-25,2,70,60,65.0,57,60.0,0.0,0.0,542,1744,0.02,29.44,30.11,5.4,11,6.3,25,268,39,9,2009,2048
2009-09-26,1,69,55,62.0,56,59.0,3.0,0.0,543,1742,0.0,29.15,29.91,4.0,27,4.6,26,269,39,9,2009,2048
2009-09-26,2,66,56,61.0,56,59.0,4.0,0.0,543,1742,0.001,29.21,29.9,3.9,26,4.6,26,269,39,9,2009,2048
2009-09-27,1,74,50,62.0,53,57.0,3.0,0.0,544,1741,0.08,28.84,29.59,8.2,22,10.2,27,270,39,9,2009,2048
2009-09-27,2,74,53,64.0,53,58.0,1.0,0.0,544,1741,0.48,28.91,29.59,7.6,23,10.2,27,270,39,9,2009,2048
2009-09-28,1,62,49,56.0,42,49.0,9.0,0.0,545,1739,0.01,28.91,29.61,20.3,29,20.7,28,271,40,9,2009,2049
2009-09-28,2,63,50,57.0,42,49.0,8.0,0.0,545,1739,0.001,28.98,29.61,19.8,28,20.2,28,271,40,9,2009,2049
2009-09-29,1,60,48,54.0,42,48.0,11.0,0.0,546,1737,0.0,29.28,29.96,9.0,33,10.3,29,272,40,9,2009,2049
2009-09-29,2,58,48,53.0,42,48.0,12.0,0.0,546,1737,0.001,29.34,29.96,8.4,33,10.2,29,272,40,9,2009,2049
2009-09-30,1,62,47,55.0,40,47.0,10.0,0.0,547,1735,0.0,29.39,30.11,5.7,3,6.8,30,273,40,9,2009,2049
2009-09-30,2,61,49,55.0,42,48.0,10.0,0.0,547,1735,0.0,29.44,30.1,4.8,3,7.0,30,273,40,9,2009,2049
2009-10-01,1,59,41,50.0,46,49.0,15.0,0.0,548,1734,0.89,29.13,29.9,9.1,13,9.5,1,274,40,10,2009,2049
2009-10-01,2,59,44,52.0,46,49.0,13.0,0.0,548,1734,0.59,29.18,29.9,8.8,13,8.7,1,274,40,10,2009,2049
2009-10-02,1,56,47,52.0,46,48.0,13.0,0.0,549,1732,0.21,28.8,29.55,10.5,21,12.0,2,275,40,10,2009,2049
2009-10-02,2,56,48,52.0,46,48.0,13.0,0.0,549,1732,0.17,28.87,29.56,10.0,22,11.6,2,275,40,10,2009,2049
2009-10-03,1,57,47,52.0,47,49.0,13.0,0.0,550,1730,0.11,29.02,29.7,6.9,26,7.4,3,276,40,10,2009,2049
2009-10-03,2,58,47,53.0,47,49.0,12.0,0.0,550,1730,0.03,29.08,29.71,9.4,26,9.8,3,276,40,10,2009,2049
2009-10-04,1,60,45,53.0,43,47.0,12.0,0.0,552,1729,0.001,29.28,29.98,9.0,28,9.2,4,277,40,10,2009,2049
2009-10-04,2,61,45,53.0,42,47.0,12.0,0.0,552,1729,0.0,29.34,29.99,8.9,27,9.3,4,277,40,10,2009,2049
2009-10-05,1,62,43,53.0,42,47.0,12.0,0.0,553,1727,0.0,29.29,30.03,1.8,8,5.4,5,278,41,10,2009,2050
2009-10-05,2,61,42,52.0,42,47.0,13.0,0.0,553,1727,0.0,29.35,30.04,2.9,9,4.5,5,278,41,10,2009,2050
2009-10-06,1,61,49,55.0,47,51.0,10.0,0.0,554,1725,0.03,28.9,29.65,8.8,24,14.9,6,279,41,10,2009,2050
2009-10-06,2,62,49,56.0,46,50.0,9.0,0.0,554,1725,0.05,28.97,29.66,9.5,24,15.1,6,279,41,10,2009,2050
2009-10-07,1,60,45,53.0,39,46.0,12.0,0.0,555,1724,0.0,29.24,29.95,9.2,26,10.8,7,280,41,10,2009,2050
2009-10-07,2,60,45,53.0,39,46.0,12.0,0.0,555,1724,0.0,29.31,29.96,8.5,26,10.1,7,280,41,10,2009,2050
2009-10-08,1,53,45,49.0,46,48.0,16.0,0.0,556,1722,0.12,29.18,29.92,3.3,21,4.8,8,281,41,10,2009,2050
2009-10-08,2,54,47,51.0,46,49.0,14.0,0.0,556,1722,0.14,29.25,29.93,4.8,20,5.6,8,281,41,10,2009,2050
2009-10-09,1,52,39,46.0,43,45.0,19.0,0.0,557,1720,0.46,29.21,29.93,9.4,34,10.0,9,282,41,10,2009,2050
2009-10-09,2,52,40,46.0,44,46.0,19.0,0.0,557,1720,0.43,29.26,29.92,9.3,35,10.2,9,282,41,10,2009,2050
2009-10-10,1,48,31,40.0,30,35.0,25.0,0.0,558,1719,0.0,29.49,30.21,7.4,28,7.7,10,283,41,10,2009,2050
2009-10-10,2,48,33,41.0,30,36.0,24.0,0.0,558,1719,0.0,29.55,30.21,7.8,29,8.2,10,283,41,10,2009,2050
2009-10-11,1,44,29,37.0,22,32.0,28.0,0.0,559,1717,0.0,29.6,30.35,1.5,33,5.0,11,284,41,10,2009,2050
2009-10-11,2,45,29,37.0,23,33.0,28.0,0.0,559,1717,0.0,29.67,30.36,1.1,1,4.8,11,284,41,10,2009,2050
2009-10-12,1,48,41,45.0,36,41.0,20.0,0.0,600,1715,0.02,29.44,30.18,0.6,19,3.8,12,285,42,10,2009,2051
2009-10-12,2,49,42,46.0,34,40.0,19.0,0.0,600,1715,0.001,29.5,30.2,0.6,24,3.5,12,285,42,10,2009,2051
2009-10-13,1,47,34,41.0,32,38.0,24.0,0.0,602,1714,0.0,29.6,30.35,8.5,1,10.0,13,286,42,10,2009,2051
2009-10-13,2,48,36,42.0,32,39.0,23.0,0.0,602,1714,0.0,29.66,30.35,8.5,2,11.3,13,286,42,10,2009,2051
2009-10-14,1,48,42,45.0,36,41.0,20.0,0.0,603,1712,0.03,29.4,30.17,11.0,9,11.5,14,287,42,10,2009,2051
2009-10-14,2,48,42,45.0,36,41.0,20.0,0.0,603,1712,0.03,29.47,30.17,10.7,10,11.2,14,287,42,10,2009,2051
2009-10-15,1,44,41,43.0,38,40.0,22.0,0.0,604,1711,0.29,29.26,30.0,8.2,6,9.1,15,288,42,10,2009,2051
2009-10-15,2,44,41,43.0,38,40.0,22.0,0.0,604,1711,0.33,29.31,30.0,9.4,7,10.0,15,288,42,10,2009,2051
2009-10-16,1,45,39,42.0,36,39.0,23.0,0.0,605,1709,0.04,29.41,30.13,8.2,35,8.2,16,289,42,10,2009,2051
2009-10-16,2,46,40,43.0,36,40.0,22.0,0.0,605,1709,0.08,29.46,30.13,7.1,35,8.1,16,289,42,10,2009,2051
2009-10-17,1,52,36,44.0,33,39.0,21.0,0.0,606,1707,0.001,29.57,30.3,8.0,34,8.2,17,290,42,10,2009,2051
2009-10-17,2,52,39,46.0,34,40.0,19.0,0.0,606,1707,0.01,29.64,30.3,6.9,35,7.7,17,290,42,10,2009,2051
2009-10-18,1,53,31,42.0,33,39.0,23.0,0.0,607,1706,0.0,29.49,30.25,6.1,21,6.9,18,291,42,10,2009,2051
2009-10-18,2,53,33,43.0,33,40.0,22.0,0.0,607,1706,0.0,29.55,30.26,5.8,21,6.2,18,291,42,10,2009,2051
2009-10-19,1,65,44,55.0,41,47.0,10.0,0.0,608,1704,0.0,29.25,30.0,11.4,21,11.5,19,292,43,10,2009,2052
2009-10-19,2,66,43,55.0,40,47.0,10.0,0.0,608,1704,0.0,29.32,30.01,10.7,21,10.8,19,292,43,10,2009,2052
2009-10-20,1,62,48,55.0,48,52.0,10.0,0.0,610,1703,0.03,29.31,30.03,4.0,19,5.3,20,293,43,10,2009,2052
2009-10-20,2,64,51,58.0,47,52.0,7.0,0.0,610,1703,0.05,29.38,30.03,6.4,19,7.4,20,293,43,10,2009,2052
2009-10-21,1,69,55,62.0,52,56.0,3.0,0.0,611,1701,0.001,29.25,29.99,11.4,21,11.5,21,294,43,10,2009,2052
2009-10-21,2,70,55,63.0,50,55.0,2.0,0.0,611,1701,0.01,29.32,29.99,11.1,21,11.2,21,294,43,10,2009,2052
2009-10-22,1,58,48,53.0,48,50.0,12.0,0.0,612,1660,1.03,29.18,29.94,8.4,5,13.0,22,295,43,10,2009,2052
2009-10-22,2,58,49,54.0,49,51.0,11.0,0.0,612,1660,0.84,29.23,29.93,8.7,6,13.2,22,295,43,10,2009,2052
2009-10-23,1,61,42,52.0,49,50.0,13.0,0.0,613,1658,0.89,28.73,29.48,6.2,18,16.2,23,296,43,10,2009,2052
2009-10-23,2,62,44,53.0,50,51.0,12.0,0.0,613,1658,1.29,28.8,29.48,6.6,19,15.4,23,296,43,10,2009,2052
2009-10-24,1,50,38,44.0,37,40.0,21.0,0.0,614,1657,0.04,29.03,29.73,8.3,26,8.9,24,297,43,10,2009,2052
2009-10-24,2,49,39,44.0,37,41.0,21.0,0.0,614,1657,0.05,29.1,29.74,9.6,26,10.3,24,297,43,10,2009,2052
2009-10-25,1,62,44,53.0,45,49.0,12.0,0.0,616,1656,0.27,29.26,29.96,5.5,19,6.9,25,298,43,10,2009,2052
2009-10-25,2,63,44,54.0,43,48.0,11.0,0.0,616,1656,0.24,29.32,29.97,6.3,19,7.3,25,298,43,10,2009,2052
2009-10-26,1,55,49,52.0,48,49.0,13.0,0.0,617,1654,0.11,29.28,30.02,4.9,21,7.5,26,299,44,10,2009,2053
2009-10-26,2,55,50,53.0,47,49.0,12.0,0.0,617,1654,0.13,29.35,30.02,5.2,21,6.8,26,299,44,10,2009,2053
2009-10-27,1,51,45,48.0,45,47.0,17.0,0.0,618,1653,0.06,29.19,29.94,4.4,5,6.5,27,300,44,10,2009,2053
2009-10-27,2,52,48,50.0,46,48.0,15.0,0.0,618,1653,0.16,29.24,29.94,5.5,5,7.0,27,300,44,10,2009,2053
2009-10-28,1,57,50,54.0,49,51.0,11.0,0.0,619,1651,0.0,29.28,29.99,3.1,14,4.3,28,301,44,10,2009,2053
2009-10-28,2,58,50,54.0,49,51.0,11.0,0.0,619,1651,0.0,29.34,29.99,1.8,13,3.0,28,301,44,10,2009,2053
2009-10-29,1,60,47,54.0,50,52.0,11.0,0.0,620,1650,0.6,29.21,29.98,12.5,14,12.7,29,302,44,10,2009,2053
2009-10-29,2,60,48,54.0,50,52.0,11.0,0.0,620,1650,1.05,29.28,29.99,11.1,14,11.4,29,302,44,10,2009,2053
2009-10-30,1,67,46,57.0,53,56.0,8.0,0.0,622,1649,0.81,28.79,29.55,15.6,20,17.4,30,303,44,10,2009,2053
2009-10-30,2,68,47,58.0,54,56.0,7.0,0.0,622,1649,1.15,28.87,29.56,15.7,21,17.9,30,303,44,10,2009,2053
2009-10-31,1,46,35,41.0,31,38.0,24.0,0.0,623,1647,0.001,29.18,29.86,11.1,26,11.5,31,304,44,10,2009,2053
2009-10-31,2,47,37,42.0,31,38.0,23.0,0.0,623,1647,0.01,29.25,29.87,13.4,26,13.8,31,304,44,10,2009,2053
2010-05-01,1,70,58,64.0,53,58.0,1.0,0.0,448,1849,0.11,28.89,29.6,9.1,21,9.4,1,121,17,5,2010,2027
2010-05-01,2,71,61,66.0,54,59.0,0.0,1.0,448,1849,0.01,28.95,29.59,7.4,22,8.1,1,121,17,5,2010,2027
2010-05-02,1,69,53,61.0,52,56.0,4.0,0.0,447,1850,0.93,28.9,29.61,4.4,25,6.1,2,122,17,5,2010,2027
2010-05-02,2,68,54,61.0,52,56.0,4.0,0.0,447,1850,0.31,28.97,29.6,2.8,26,6.9,2,122,17,5,2010,2027
2010-05-03,1,72,50,61.0,45,53.0,4.0,0.0,446,1851,0.0,29.07,29.77,8.8,25,9.4,3,123,18,5,2010,2028
2010-05-03,2,72,52,62.0,45,53.0,3.0,0.0,446,1851,0.0,29.13,29.77,8.9,25,9.5,3,123,18,5,2010,2028
2010-05-04,1,79,50,65.0,44,54.0,0.0,0.0,444,1852,0.0,29.05,29.77,13.9,21,14.2,4,124,18,5,2010,2028
2010-05-04,2,80,53,67.0,43,54.0,0.0,2.0,444,1852,0.0,29.13,29.78,12.1,21,12.6,4,124,18,5,2010,2028
2010-05-05,1,72,56,64.0,37,51.0,1.0,0.0,443,1853,0.001,29.08,29.77,10.2,27,12.8,5,125,18,5,2010,2028
2010-05-05,2,73,57,65.0,37,51.0,0.0,0.0,443,1853,0.001,29.15,29.77,9.7,27,12.1,5,125,18,5,2010,2028
2010-05-06,1,63,46,55.0,39,46.0,10.0,0.0,442,1855,0.01,29.27,29.99,5.7,3,9.1,6,126,18,5,2010,2028
2010-05-06,2,60,48,54.0,39,46.0,11.0,0.0,442,1855,0.05,29.33,29.99,5.9,6,10.1,6,126,18,5,2010,2028
2010-05-07,1,59,45,52.0,46,48.0,13.0,0.0,441,1856,0.72,28.98,29.73,2.6,34,13.2,7,127,18,5,2010,2028
2010-05-07,2,59,46,53.0,46,49.0,12.0,0.0,441,1856,0.74,29.04,29.73,3.7,31,13.8,7,127,18,5,2010,2028
2010-05-08,1,50,42,46.0,35,41.0,19.0,0.0,439,1857,0.02,29.36,30.05,14.5,30,15.2,8,128,18,5,2010,2028
2010-05-08,2,50,42,46.0,35,41.0,19.0,0.0,439,1857,0.08,29.42,30.06,13.6,29,14.4,8,128,18,5,2010,2028
2010-05-09,1,58,38,48.0,29,40.0,17.0,0.0,438,1858,0.0,29.59,30.31,2.5,35,6.4,9,129,18,5,2010,2028
2010-05-09,2,56,37,47.0,29,40.0,18.0,0.0,438,1858,0.0,29.66,30.32,1.8,6,5.9,9,129,18,5,2010,2028
2010-05-10,1,58,41,50.0,31,42.0,15.0,0.0,437,1859,0.001,29.47,30.24,13.5,11,14.2,10,130,19,5,2010,2029
2010-05-10,2,58,43,51.0,29,42.0,14.0,0.0,437,1859,0.001,29.54,30.25,12.5,12,13.0,10,130,19,5,2010,2029
2010-05-11,1,52,44,48.0,46,47.0,17.0,0.0,436,1860,0.97,29.16,29.9,5.6,9,9.9,11,131,19,5,2010,2029
2010-05-11,2,59,44,52.0,46,48.0,13.0,0.0,436,1860,0.72,29.21,29.89,3.0,12,10.4,11,131,19,5,2010,2029
2010-05-12,1,51,44,48.0,45,46.0,17.0,0.0,435,1901,0.12,29.36,30.1,8.9,6,10.4,12,132,19,5,2010,2029
2010-05-12,2,53,46,50.0,45,47.0,15.0,0.0,435,1901,0.14,29.41,30.09,8.3,6,10.0,12,132,19,5,2010,2029
2010-05-13,1,73,48,61.0,53,55.0,4.0,0.0,434,1902,1.49,29.23,29.93,4.8,25,12.3,13,133,19,5,2010,2029
2010-05-13,2,78,49,64.0,54,57.0,1.0,0.0,434,1902,0.97,29.28,29.93,5.9,25,13.4,13,133,19,5,2010,2029
2010-05-14,1,66,47,57.0,44,50.0,8.0,0.0,433,1903,0.0,29.46,30.17,10.9,26,11.2,14,134,19,5,2010,2029
2010-05-14,2,67,49,58.0,43,51.0,7.0,0.0,433,1903,0.0,29.52,30.17,11.9,26,12.3,14,134,19,5,2010,2029
2010-05-15,1,61,43,52.0,42,48.0,13.0,0.0,432,1904,0.0,29.53,30.26,4.1,4,5.8,15,135,19,5,2010,2029
2010-05-15,2,63,47,55.0,41,48.0,10.0,0.0,432,1904,0.0,29.59,30.25,4.0,5,6.4,15,135,19,5,2010,2029
2010-05-16,1,66,41,54.0,43,49.0,11.0,0.0,431,1905,0.0,29.44,30.18,9.7,5,10.1,16,136,19,5,2010,2029
2010-05-16,2,66,46,56.0,43,50.0,9.0,0.0,431,1905,0.0,29.48,30.17,11.1,5,11.5,16,136,19,5,2010,2029
2010-05-17,1,58,50,54.0,42,48.0,11.0,0.0,430,1906,0.01,29.29,30.04,9.6,3,9.8,17,137,20,5,2010,2030
2010-05-17,2,60,52,56.0,43,49.0,9.0,0.0,430,1906,0.11,29.35,30.03,7.9,3,8.8,17,137,20,5,2010,2030
2010-05-18,1,65,46,56.0,40,48.0,9.0,0.0,429,1907,0.0,29.26,29.99,9.1,3,9.8,18,138,20,5,2010,2030
2010-05-18,2,62,49,56.0,41,48.0,9.0,0.0,429,1907,0.0,29.31,29.98,9.6,2,10.1,18,138,20,5,2010,2030
2010-05-19,1,74,44,59.0,39,51.0,6.0,0.0,428,1908,0.0,29.31,30.02,5.7,4,6.4,19,139,20,5,2010,2030
2010-05-19,2,73,46,60.0,39,50.0,5.0,0.0,428,1908,0.0,29.36,30.02,6.4,4,7.3,19,139,20,5,2010,2030
2010-05-20,1,74,47,61.0,49,55.0,4.0,0.0,427,1909,0.05,29.29,30.02,6.8,13,7.8,20,140,20,5,2010,2030
2010-05-20,2,72,51,62.0,49,55.0,3.0,0.0,427,1909,0.09,29.35,30.02,6.3,12,7.4,20,140,20,5,2010,2030
2010-05-21,1,73,56,65.0,58,60.0,0.0,0.0,426,1910,0.21,29.15,29.88,4.6,10,6.3,21,141,20,5,2010,2030
2010-05-21,2,72,56,64.0,58,60.0,1.0,0.0,426,1910,0.4,29.21,29.87,5.0,12,6.2,21,141,20,5,2010,2030
2010-05-22,1,74,58,66.0,59,61.0,0.0,1.0,425,1911,0.0,29.23,29.94,3.4,12,5.4,22,142,20,5,2010,2030
2010-05-22,2,72,58,65.0,59,61.0,0.0,0.0,425,1911,0.01,29.29,29.94,2.7,9,6.1,22,142,20,5,2010,2030
2010-05-23,1,89,62,76.0,66,69.0,0.0,11.0,425,1912,0.0,29.26,29.97,9.8,18,10.0,23,143,20,5,2010,2030
2010-05-23,2,89,65,77.0,65,69.0,0.0,12.0,425,1912,0.0,29.33,29.96,9.7,18,10.0,23,143,20,5,2010,2030
2010-05-24,1,91,70,81.0,67,72.0,0.0,16.0,424,1913,0.0,29.33,30.03,6.6,14,8.2,24,144,21,5,2010,2031
2010-05-24,2,91,73,82.0,66,71.0,0.0,17.0,424,1913,0.0,29.39,30.01,6.3,13,7.9,24,144,21,5,2010,2031
2010-05-25,1,88,69,79.0,62,68.0,0.0,14.0,423,1914,0.0,29.33,30.04,5.1,13,7.8,25,145,21,5,2010,2031
2010-05-25,2,87,71,79.0,61,68.0,0.0,14.0,423,1914,0.0,29.39,30.02,6.4,12,8.1,25,145,21,5,2010,2031
2010-05-26,1,87,66,77.0,63,68.0,0.0,12.0,422,1915,0.001,29.29,30.0,3.1,3,4.5,26,146,21,5,2010,2031
2010-05-26,2,85,70,78.0,62,68.0,0.0,13.0,422,1915,0.001,29.34,29.98,3.2,2,5.8,26,146,21,5,2010,2031
2010-05-27,1,77,61,69.0,50,59.0,0.0,4.0,422,1916,0.0,29.31,30.03,10.4,3,10.7,27,147,21,5,2010,2031
2010-05-27,2,77,63,70.0,50,59.0,0.0,5.0,422,1916,0.0,29.36,30.0,12.7,2,13.0,27,147,21,5,2010,2031
2010-05-28,1,79,57,68.0,50,58.0,0.0,3.0,421,1916,0.0,29.28,30.01,7.8,3,8.4,28,148,21,5,2010,2031
2010-05-28,2,76,59,68.0,49,58.0,0.0,3.0,421,1916,0.0,29.33,29.99,10.0,2,10.4,28,148,21,5,2010,2031
2010-05-29,1,86,59,73.0,57,63.0,0.0,8.0,421,1917,0.0,29.23,29.95,5.0,5,5.8,29,149,21,5,2010,2031
2010-05-29,2,84,62,73.0,57,63.0,0.0,8.0,421,1917,0.0,29.28,29.93,4.5,7,5.6,29,149,21,5,2010,2031
2010-05-30,1,91,61,76.0,59,66.0,0.0,11.0,420,1918,0.0,29.16,29.88,4.6,18,5.9,30,150,21,5,2010,2031
2010-05-30,2,91,64,78.0,59,66.0,0.0,13.0,420,1918,0.001,29.23,29.86,4.5,17,6.1,30,150,21,5,2010,2031
2010-05-31,1,81,66,74.0,64,67.0,0.0,9.0,420,1919,0.26,29.15,29.86,0.6,24,4.7,31,151,22,5,2010,2032
2010-05-31,2,84,65,75.0,65,67.0,0.0,10.0,420,1919,1.57,29.21,29.85,1.6,19,4.8,31,151,22,5,2010,2032
2010-06-01,1,85,63,74.0,62,67.0,0.0,9.0,419,1920,0.0,29.1,29.84,5.1,19,6.0,1,152,22,6,2010,2032
2010-06-01,2,84,65,75.0,63,67.0,0.0,10.0,419,1920,0.0,29.17,29.83,4.4,17,6.1,1,152,22,6,2010,2032
2010-06-02,1,77,57,67.0,61,64.0,0.0,2.0,419,1920,1.02,29.0,29.71,3.6,34,8.7,2,153,22,6,2010,2032
2010-06-02,2,77,59,68.0,61,64.0,0.0,3.0,419,1920,1.3,29.05,29.69,2.8,32,10.1,2,153,22,6,2010,2032
2010-06-03,1,71,56,64.0,46,55.0,1.0,0.0,418,1921,0.0,29.1,29.81,6.7,4,7.8,3,154,22,6,2010,2032
2010-06-03,2,71,58,65.0,46,55.0,0.0,0.0,418,1921,0.0,29.15,29.79,6.1,4,7.7,3,154,22,6,2010,2032
2010-06-04,1,83,57,70.0,60,65.0,0.0,5.0,418,1922,0.0,29.0,29.73,7.8,22,9.8,4,155,22,6,2010,2032
2010-06-04,2,83,60,72.0,59,64.0,0.0,7.0,418,1922,0.001,29.07,29.71,6.8,21,8.5,4,155,22,6,2010,2032
2010-06-05,1,79,60,70.0,65,67.0,0.0,5.0,417,1923,0.15,28.95,29.66,5.0,23,7.8,5,156,22,6,2010,2032
2010-06-05,2,79,60,70.0,63,66.0,0.0,5.0,417,1923,0.51,29.0,29.65,3.8,24,8.0,5,156,22,6,2010,2032
2010-06-06,1,76,55,66.0,55,59.0,0.0,1.0,417,1923,0.001,29.16,29.84,9.2,32,11.2,6,157,22,6,2010,2032
2010-06-06,2,75,58,67.0,54,59.0,0.0,2.0,417,1923,0.001,29.22,29.83,8.3,33,10.4,6,157,22,6,2010,2032
2010-06-07,1,70,54,62.0,49,55.0,3.0,0.0,417,1924,0.0,29.34,30.05,6.4,8,6.9,7,158,23,6,2010,2033
2010-06-07,2,69,56,63.0,48,55.0,2.0,0.0,417,1924,0.0,29.41,30.04,6.5,7,7.9,7,158,23,6,2010,2033
2010-06-08,1,67,58,63.0,57,59.0,2.0,0.0,417,1925,0.45,29.22,29.97,8.8,13,10.1,8,159,23,6,2010,2033
2010-06-08,2,67,59,63.0,57,59.0,2.0,0.0,417,1925,0.33,29.28,29.96,7.8,13,8.9,8,159,23,6,2010,2033
2010-06-09,1,83,65,74.0,56,63.0,0.0,9.0,416,1925,0.0,29.13,29.84,10.2,28,10.8,9,160,23,6,2010,2033
2010-06-09,2,83,67,75.0,55,63.0,0.0,10.0,416,1925,0.0,29.19,29.82,10.0,27,10.8,9,160,23,6,2010,2033
2010-06-10,1,77,58,68.0,54,60.0,0.0,3.0,416,1926,0.0,29.26,29.96,4.8,7,6.7,10,161,23,6,2010,2033
2010-06-10,2,75,60,68.0,54,60.0,0.0,3.0,416,1926,0.0,29.31,29.94,5.3,8,6.7,10,161,23,6,2010,2033
2010-06-11,1,89,64,77.0,67,71.0,0.0,12.0,416,1926,0.02,29.18,29.89,8.8,19,10.5,11,162,23,6,2010,2033
2010-06-11,2,88,64,76.0,67,71.0,0.0,11.0,416,1926,0.41,29.24,29.88,8.6,19,10.2,11,162,23,6,2010,2033
2010-06-12,1,77,62,70.0,63,65.0,0.0,5.0,416,1927,0.34,29.25,29.96,3.9,4,8.1,12,163,23,6,2010,2033
2010-06-12,2,77,62,70.0,63,65.0,0.0,5.0,416,1927,0.12,29.31,29.94,2.2,2,7.4,12,163,23,6,2010,2033
2010-06-13,1,71,62,67.0,62,64.0,0.0,2.0,416,1927,0.25,29.26,29.98,3.5,9,5.0,13,164,23,6,2010,2033
2010-06-13,2,73,61,67.0,61,63.0,0.0,2.0,416,1927,0.25,29.32,29.97,3.6,7,4.6,13,164,23,6,2010,2033
2010-06-14,1,70,60,65.0,61,62.0,0.0,0.0,416,1928,0.001,29.23,29.94,6.2,4,6.6,14,165,24,6,2010,2034
2010-06-14,2,72,61,67.0,61,63.0,0.0,2.0,416,1928,0.01,29.28,29.92,5.5,5,6.5,14,165,24,6,2010,2034
2010-06-15,1,79,60,70.0,66,67.0,0.0,5.0,416,1928,0.59,29.16,29.89,2.2,19,5.5,15,166,24,6,2010,2034
2010-06-15,2,79,61,70.0,65,67.0,0.0,5.0,416,1928,0.88,29.23,29.88,3.2,20,6.3,15,166,24,6,2010,2034
2010-06-16,1,82,63,73.0,61,65.0,0.0,8.0,416,1929,0.0,29.28,29.98,5.9,28,9.0,16,167,24,6,2010,2034
2010-06-16,2,86,65,76.0,60,65.0,0.0,11.0,416,1929,0.0,29.34,29.97,6.1,27,10.2,16,167,24,6,2010,2034
2010-06-17,1,84,64,74.0,62,67.0,0.0,9.0,416,1929,0.0,29.3,30.01,5.8,14,7.5,17,168,24,6,2010,2034
2010-06-17,2,84,67,76.0,61,67.0,0.0,11.0,416,1929,0.0,29.36,30.0,4.4,14,6.9,17,168,24,6,2010,2034
2010-06-18,1,90,67,79.0,66,69.0,0.0,14.0,416,1929,0.87,29.18,29.92,6.8,21,10.4,18,169,24,6,2010,2034
2010-06-18,2,91,66,79.0,66,69.0,0.0,14.0,416,1929,0.66,29.24,29.91,6.2,22,9.6,18,169,24,6,2010,2034
2010-06-19,1,85,66,76.0,61,66.0,0.0,11.0,416,1930,0.0,29.24,29.94,9.8,28,10.6,19,170,24,6,2010,2034
2010-06-19,2,86,66,76.0,60,66.0,0.0,11.0,416,1930,0.0,29.3,29.92,10.1,27,11.5,19,170,24,6,2010,2034
2010-06-20,1,81,64,73.0,61,65.0,0.0,8.0,416,1930,0.001,29.34,30.04,3.8,8,4.7,20,171,24,6,2010,2034
2010-06-20,2,80,67,74.0,60,65.0,0.0,9.0,416,1930,0.001,29.4,30.02,4.4,8,5.2,20,171,24,6,2010,2034
2010-06-21,1,85,67,76.0,66,69.0,0.0,11.0,416,1930,0.22,29.26,29.97,5.6,16,8.4,21,172,25,6,2010,2035
2010-06-21,2,85,68,77.0,66,69.0,0.0,12.0,416,1930,0.4,29.31,29.96,4.4,17,7.0,21,172,25,6,2010,2035
2010-06-22,1,85,69,77.0,68,71.0,0.0,12.0,417,1931,0.0,29.28,29.98,5.9,23,6.9,22,173,25,6,2010,2035
2010-06-22,2,86,70,78.0,68,71.0,0.0,13.0,417,1931,0.0,29.34,29.97,6.7,22,7.2,22,173,25,6,2010,2035
2010-06-23,1,87,69,78.0,70,71.0,0.0,13.0,417,1931,0.87,29.16,29.89,10.2,22,11.5,23,174,25,6,2010,2035
2010-06-23,2,87,67,77.0,69,71.0,0.0,12.0,417,1931,1.23,29.23,29.89,9.3,22,11.5,23,174,25,6,2010,2035
2010-06-24,1,84,65,75.0,60,65.0,0.0,10.0,417,1931,0.0,29.33,30.03,5.4,32,8.7,24,175,25,6,2010,2035
2010-06-24,2,81,65,73.0,59,65.0,0.0,8.0,417,1931,0.0,29.38,30.01,2.3,36,8.1,24,175,25,6,2010,2035
2010-06-25,1,84,62,73.0,62,67.0,0.0,8.0,417,1931,0.0,29.28,30.0,6.4,20,7.3,25,176,25,6,2010,2035
2010-06-25,2,84,66,75.0,61,66.0,0.0,10.0,417,1931,0.0,29.34,29.99,6.5,20,7.7,25,176,25,6,2010,2035
2010-06-26,1,87,69,78.0,66,70.0,0.0,13.0,418,1931,0.85,29.1,29.83,1.0,11,6.7,26,177,25,6,2010,2035
2010-06-26,2,88,68,78.0,65,69.0,0.0,13.0,418,1931,0.7,29.16,29.81,2.3,16,7.0,26,177,25,6,2010,2035
2010-06-27,1,85,72,79.0,70,73.0,0.0,14.0,418,1931,0.54,28.9,29.62,7.4,24,9.1,27,178,25,6,2010,2035
2010-06-27,2,87,72,80.0,69,72.0,0.0,15.0,418,1931,0.88,28.95,29.6,8.5,24,10.0,27,178,25,6,2010,2035
2010-06-28,1,82,63,73.0,59,65.0,0.0,8.0,419,1931,0.0,29.08,29.76,9.4,31,11.3,28,179,26,6,2010,2036
2010-06-28,2,82,65,74.0,59,65.0,0.0,9.0,419,1931,0.0,29.13,29.74,9.1,31,11.7,28,179,26,6,2010,2036
2010-06-29,1,75,59,67.0,53,59.0,0.0,2.0,419,1931,0.0,29.41,30.09,6.2,4,7.5,29,180,26,6,2010,2036
2010-06-29,2,73,62,68.0,52,59.0,0.0,3.0,419,1931,0.0,29.46,30.07,6.7,6,8.6,29,180,26,6,2010,2036
2010-06-30,1,75,56,66.0,50,57.0,0.0,1.0,419,1931,0.0,29.54,30.25,3.7,4,6.0,30,181,26,6,2010,2036
2010-06-30,2,76,57,67.0,50,57.0,0.0,2.0,419,1931,0.0,29.6,30.23,3.9,5,6.6,30,181,26,6,2010,2036
2010-07-01,1,77,55,66.0,48,57.0,0.0,1.0,420,1931,0.0,29.59,30.33,5.0,9,5.5,1,182,26,7,2010,2036
2010-07-01,2,77,58,68.0,47,57.0,0.0,3.0,420,1931,0.0,29.65,30.31,6.2,10,6.0,1,182,26,7,2010,2036
2010-07-02,1,83,59,71.0,53,61.0,0.0,6.0,420,1931,0.0,29.47,30.2,7.9,19,8.1,2,183,26,7,2010,2036
2010-07-02,2,83,62,73.0,50,60.0,0.0,8.0,420,1931,0.0,29.52,30.19,7.5,18,7.9,2,183,26,7,2010,2036
2010-07-03,1,87,60,74.0,56,63.0,0.0,9.0,421,1931,0.0,29.31,30.04,8.5,20,9.0,3,184,26,7,2010,2036
2010-07-03,2,87,64,76.0,54,63.0,0.0,11.0,421,1931,0.0,29.36,30.02,8.1,20,8.4,3,184,26,7,2010,2036
2010-07-04,1,91,68,80.0,66,71.0,0.0,15.0,422,1930,0.0,29.2,29.91,10.2,22,10.5,4,185,26,7,2010,2036
2010-07-04,2,92,72,82.0,65,71.0,0.0,17.0,422,1930,0.03,29.26,29.9,10.2,22,10.7,4,185,26,7,2010,2036
2010-07-05,1,91,78,85.0,64,71.0,0.0,20.0,422,1930,0.0,29.2,29.9,15.0,20,15.3,5,186,27,7,2010,2037
2010-07-05,2,90,79,85.0,63,70.0,0.0,20.0,422,1930,0.0,29.26,29.88,13.0,20,13.3,5,186,27,7,2010,2037
2010-07-06,1,90,73,82.0,69,73.0,0.0,17.0,423,1930,0.37,29.26,29.96,8.4,22,9.0,6,187,27,7,2010,2037
2010-07-06,2,91,75,83.0,68,72.0,0.0,18.0,423,1930,0.04,29.33,29.95,9.0,23,10.2,6,187,27,7,2010,2037
2010-07-07,1,93,71,82.0,70,73.0,0.0,17.0,423,1930,0.2,29.34,30.03,3.5,23,6.3,7,188,27,7,2010,2037
2010-07-07,2,94,72,83.0,69,73.0,0.0,18.0,423,1930,0.05,29.39,30.01,4.8,24,5.5,7,188,27,7,2010,2037
2010-07-08,1,88,73,81.0,70,73.0,0.0,16.0,424,1929,0.16,29.27,29.99,2.7,32,5.4,8,189,27,7,2010,2037
2010-07-08,2,87,74,81.0,69,72.0,0.0,16.0,424,1929,0.15,29.33,29.97,0.5,34,4.7,8,189,27,7,2010,2037
2010-07-09,1,88,70,79.0,59,67.0,0.0,14.0,425,1929,0.001,29.26,29.98,6.3,36,7.5,9,190,27,7,2010,2037
2010-07-09,2,87,72,80.0,59,67.0,0.0,15.0,425,1929,0.001,29.32,29.96,4.9,2,6.5,9,190,27,7,2010,2037
2010-07-10,1,89,69,79.0,61,68.0,0.0,14.0,425,1929,0.0,29.23,29.95,6.3,28,8.0,10,191,27,7,2010,2037
2010-07-10,2,89,69,79.0,59,67.0,0.0,14.0,425,1929,0.01,29.29,29.93,4.1,27,7.1,10,191,27,7,2010,2037
2010-07-11,1,85,66,76.0,63,67.0,0.0,11.0,426,1928,0.79,29.08,29.81,5.6,23,7.8,11,192,27,7,2010,2037
2010-07-11,2,85,67,76.0,62,67.0,0.0,11.0,426,1928,0.77,29.13,29.79,6.4,21,6.7,11,192,27,7,2010,2037
2010-07-12,1,84,65,75.0,65,68.0,0.0,10.0,427,1928,0.001,29.05,29.76,1.7,35,3.9,12,193,28,7,2010,2038
2010-07-12,2,84,65,75.0,64,68.0,0.0,10.0,427,1928,0.01,29.11,29.74,1.1,4,4.6,12,193,28,7,2010,2038
2010-07-13,1,84,70,77.0,65,69.0,0.0,12.0,428,1927,0.17,29.18,29.87,5.4,10,6.1,13,194,28,7,2010,2038
2010-07-13,2,84,71,78.0,64,68.0,0.0,13.0,428,1927,0.02,29.24,29.85,6.2,9,6.9,13,194,28,7,2010,2038
2010-07-14,1,90,70,80.0,71,74.0,0.0,15.0,428,1927,0.0,29.25,29.96,9.2,17,10.1,14,195,28,7,2010,2038
2010-07-14,2,91,72,82.0,69,73.0,0.0,17.0,428,1927,0.0,29.31,29.94,8.6,18,9.2,14,195,28,7,2010,2038
2010-07-15,1,90,71,81.0,69,73.0,0.0,16.0,429,1926,0.01,29.21,29.91,7.0,27,10.1,15,196,28,7,2010,2038
2010-07-15,2,92,73,83.0,69,73.0,0.0,18.0,429,1926,0.0,29.26,29.89,7.9,25,10.3,15,196,28,7,2010,2038
2010-07-16,1,90,67,79.0,62,68.0,0.0,14.0,430,1925,0.0,29.23,29.95,7.4,25,8.1,16,197,28,7,2010,2038
2010-07-16,2,90,68,79.0,60,68.0,0.0,14.0,430,1925,0.0,29.29,29.93,6.6,25,7.9,16,197,28,7,2010,2038
2010-07-17,1,93,71,82.0,63,70.0,0.0,17.0,431,1925,0.0,29.18,29.89,5.6,28,6.9,17,198,28,7,2010,2038
2010-07-17,2,92,71,82.0,64,70.0,0.0,17.0,431,1925,0.0,29.24,29.87,1.4,26,6.4,17,198,28,7,2010,2038
2010-07-18,1,92,72,82.0,69,73.0,0.0,17.0,432,1924,0.01,29.1,29.82,7.0,25,9.7,18,199,28,7,2010,2038
2010-07-18,2,91,74,83.0,69,73.0,0.0,18.0,432,1924,0.29,29.16,29.8,7.1,24,9.2,18,199,28,7,2010,2038
2010-07-19,1,84,69,77.0,66,70.0,0.0,12.0,433,1923,0.01,29.18,29.89,2.3,24,4.9,19,200,29,7,2010,2039
2010-07-19,2,84,72,78.0,66,70.0,0.0,13.0,433,1923,0.001,29.23,29.87,3.4,23,4.9,19,200,29,7,2010,2039
2010-07-20,1,86,68,77.0,68,70.0,0.0,12.0,433,1923,0.001,29.21,29.92,5.4,23,7.2,20,201,29,7,2010,2039
2010-07-20,2,85,69,77.0,66,70.0,0.0,12.0,433,1923,0.0,29.26,29.9,7.0,23,7.9,20,201,29,7,2010,2039
2010-07-21,1,91,72,82.0,65,70.0,0.0,17.0,434,1922,0.0,29.29,30.0,4.7,31,6.8,21,202,29,7,2010,2039
2010-07-21,2,90,73,82.0,66,71.0,0.0,17.0,434,1922,0.0,29.35,29.98,1.8,30,6.3,21,202,29,7,2010,2039
2010-07-22,1,90,69,80.0,71,74.0,0.0,15.0,435,1921,0.01,29.16,29.89,10.8,20,11.9,22,203,29,7,2010,2039
2010-07-22,2,90,72,81.0,70,74.0,0.0,16.0,435,1921,0.02,29.23,29.88,8.2,20,9.0,22,203,29,7,2010,2039
2010-07-23,1,94,70,82.0,71,74.0,0.0,17.0,436,1920,2.79,29.15,29.85,11.2,24,11.8,23,204,29,7,2010,2039
2010-07-23,2,95,71,83.0,71,74.0,0.0,18.0,436,1920,3.15,29.23,29.83,9.6,24,11.0,23,204,29,7,2010,2039
2010-07-24,1,87,69,78.0,71,73.0,0.0,13.0,437,1919,3.64,29.16,29.86,2.6,28,8.9,24,205,29,7,2010,2039
2010-07-24,2,87,69,78.0,70,72.0,0.0,13.0,437,1919,4.73,29.21,29.84,2.9,23,10.1,24,205,29,7,2010,2039
2010-07-25,1,81,66,74.0,59,65.0,0.0,9.0,438,1918,0.0,29.36,30.06,8.7,2,9.2,25,206,29,7,2010,2039
2010-07-25,2,81,68,75.0,60,66.0,0.0,10.0,438,1918,0.52,29.41,30.03,9.2,2,9.6,25,206,29,7,2010,2039
2010-07-26,1,84,61,73.0,62,67.0,0.0,8.0,439,1918,0.0,29.38,30.09,4.5,12,5.2,26,207,30,7,2010,2040
2010-07-26,2,84,64,74.0,62,67.0,0.0,9.0,439,1918,0.0,29.43,30.07,4.8,12,5.4,26,207,30,7,2010,2040
2010-07-27,1,88,68,78.0,67,71.0,0.0,13.0,440,1917,0.0,29.28,30.01,5.6,21,6.4,27,208,30,7,2010,2040
2010-07-27,2,88,71,80.0,66,71.0,0.0,15.0,440,1917,0.0,29.34,29.99,6.0,21,6.7,27,208,30,7,2010,2040
2010-07-28,1,88,73,81.0,71,74.0,0.0,16.0,441,1916,0.0,29.24,29.94,6.8,28,9.3,28,209,30,7,2010,2040
2010-07-28,2,91,77,84.0,71,75.0,0.0,19.0,441,1916,0.0,29.3,29.92,5.2,25,8.8,28,209,30,7,2010,2040
2010-07-29,1,82,67,75.0,58,65.0,0.0,10.0,442,1915,0.0,29.36,30.07,6.0,5,7.0,29,210,30,7,2010,2040
2010-07-29,2,81,69,75.0,59,65.0,0.0,10.0,442,1915,0.0,29.41,30.05,6.1,6,7.8,29,210,30,7,2010,2040
2010-07-30,1,80,69,75.0,60,65.0,0.0,10.0,443,1914,0.001,29.25,29.98,5.5,17,6.1,30,211,30,7,2010,2040
2010-07-30,2,79,71,75.0,59,65.0,0.0,10.0,443,1914,0.001,29.31,29.97,5.1,16,5.8,30,211,30,7,2010,2040
2010-07-31,1,80,65,73.0,64,67.0,0.0,8.0,444,1913,0.68,29.14,29.86,3.6,13,5.8,31,212,30,7,2010,2040
2010-07-31,2,78,65,72.0,63,66.0,0.0,7.0,444,1913,0.6,29.21,29.84,3.1,14,4.8,31,212,30,7,2010,2040
2010-08-01,1,86,65,76.0,65,68.0,0.0,11.0,445,1911,0.0,29.23,29.94,2.4,13,4.1,1,213,30,8,2010,2040
2010-08-01,2,84,66,75.0,64,68.0,0.0,10.0,445,1911,0.0,29.29,29.93,2.2,11,3.9,1,213,30,8,2010,2040
2010-08-02,1,84,67,76.0,67,70.0,0.0,11.0,446,1910,0.001,29.26,29.96,6.3,21,6.8,2,214,31,8,2010,2041
2010-08-02,2,84,70,77.0,66,70.0,0.0,12.0,446,1910,0.08,29.31,29.94,5.4,21,6.2,2,214,31,8,2010,2041
2010-08-03,1,86,66,76.0,71,73.0,0.0,11.0,447,1909,0.28,29.2,29.91,2.6,21,3.3,3,215,31,8,2010,2041
2010-08-03,2,87,65,76.0,70,73.0,0.0,11.0,447,1909,1.6,29.24,29.89,2.3,20,3.6,3,215,31,8,2010,2041
2010-08-04,1,83,71,77.0,72,73.0,0.0,12.0,448,1908,0.48,29.15,29.85,4.1,27,4.9,4,216,31,8,2010,2041
2010-08-04,2,81,71,76.0,71,73.0,0.0,11.0,448,1908,0.57,29.21,29.83,3.6,26,4.2,4,216,31,8,2010,2041
2010-08-05,1,83,68,76.0,62,67.0,0.0,11.0,449,1907,0.0,29.13,29.84,10.6,29,10.9,5,217,31,8,2010,2041
2010-08-05,2,84,68,76.0,62,67.0,0.0,11.0,449,1907,0.0,29.19,29.82,9.5,29,9.8,5,217,31,8,2010,2041
2010-08-06,1,82,64,73.0,59,64.0,0.0,8.0,450,1906,0.0,29.22,29.93,6.3,29,6.5,6,218,31,8,2010,2041
2010-08-06,2,82,64,73.0,58,64.0,0.0,8.0,450,1906,0.0,29.28,29.91,5.9,29,6.3,6,218,31,8,2010,2041
2010-08-07,1,83,62,73.0,64,68.0,0.0,8.0,451,1904,0.0,29.2,29.92,7.6,23,8.0,7,219,31,8,2010,2041
2010-08-07,2,84,66,75.0,63,67.0,0.0,10.0,451,1904,0.0,29.26,29.91,7.1,23,7.5,7,219,31,8,2010,2041
2010-08-08,1,87,69,78.0,67,70.0,0.0,13.0,452,1903,0.08,29.13,29.86,9.3,22,9.9,8,220,31,8,2010,2041
2010-08-08,2,87,71,79.0,66,70.0,0.0,14.0,452,1903,0.05,29.21,29.85,8.6,21,9.3,8,220,31,8,2010,2041
2010-08-09,1,88,72,80.0,71,74.0,0.0,15.0,453,1902,0.15,29.2,29.9,4.1,24,7.1,9,221,32,8,2010,2042
2010-08-09,2,89,75,82.0,69,73.0,0.0,17.0,453,1902,0.001,29.26,29.88,4.4,24,6.5,9,221,32,8,2010,2042
2010-08-10,1,89,75,82.0,71,74.0,0.0,17.0,454,1900,0.0,29.23,29.93,4.4,7,4.9,10,222,32,8,2010,2042
2010-08-10,2,88,77,83.0,71,74.0,0.0,18.0,454,1900,0.0,29.28,29.91,5.5,8,5.9,10,222,32,8,2010,2042
2010-08-11,1,90,75,83.0,70,74.0,0.0,18.0,455,1859,0.0,29.13,29.84,4.2,28,6.0,11,223,32,8,2010,2042
2010-08-11,2,90,77,84.0,69,74.0,0.0,19.0,455,1859,0.0,29.2,29.82,5.2,27,7.4,11,223,32,8,2010,2042
2010-08-12,1,92,74,83.0,70,74.0,0.0,18.0,456,1858,0.0,29.13,29.83,3.3,10,5.7,12,224,32,8,2010,2042
2010-08-12,2,89,75,82.0,69,74.0,0.0,17.0,456,1858,0.0,29.18,29.81,3.3,8,5.7,12,224,32,8,2010,2042
2010-08-13,1,92,73,83.0,70,74.0,0.0,18.0,457,1856,0.25,29.07,29.78,7.2,18,7.6,13,225,32,8,2010,2042
2010-08-13,2,93,72,83.0,70,74.0,0.0,18.0,457,1856,0.66,29.13,29.76,7.4,17,9.0,13,225,32,8,2010,2042
2010-08-14,1,88,72,80.0,69,73.0,0.0,15.0,458,1855,0.001,29.11,29.82,3.6,25,5.0,14,226,32,8,2010,2042
2010-08-14,2,88,72,80.0,68,72.0,0.0,15.0,458,1855,0.001,29.18,29.8,2.8,22,4.2,14,226,32,8,2010,2042
2010-08-15,1,83,66,75.0,62,67.0,0.0,10.0,459,1854,0.0,29.21,29.9,8.1,29,8.8,15,227,32,8,2010,2042
2010-08-15,2,84,67,76.0,62,68.0,0.0,11.0,459,1854,0.0,29.26,29.88,8.5,29,9.3,15,227,32,8,2010,2042
2010-08-16,1,80,63,72.0,54,62.0,0.0,7.0,500,1852,0.0,29.31,30.01,8.6,28,9.3,16,228,33,8,2010,2043
2010-08-16,2,80,64,72.0,54,62.0,0.0,7.0,500,1852,0.0,29.36,30.0,9.3,27,9.9,16,228,33,8,2010,2043
2010-08-17,1,79,64,72.0,57,63.0,0.0,7.0,501,1851,0.03,29.36,30.07,4.5,30,6.1,17,229,33,8,2010,2043
2010-08-17,2,79,65,72.0,57,63.0,0.0,7.0,501,1851,0.03,29.41,30.05,3.8,28,6.0,17,229,33,8,2010,2043
2010-08-18,1,84,63,74.0,61,66.0,0.0,9.0,502,1849,0.05,29.29,30.02,1.5,20,3.5,18,230,33,8,2010,2043
2010-08-18,2,83,64,74.0,60,65.0,0.0,9.0,502,1849,0.04,29.34,30.0,1.2,18,3.4,18,230,33,8,2010,2043
2010-08-19,1,88,66,77.0,65,69.0,0.0,12.0,503,1848,0.0,29.18,29.91,4.6,21,5.0,19,231,33,8,2010,2043
2010-08-19,2,87,69,78.0,63,69.0,0.0,13.0,503,1848,0.0,29.24,29.89,4.6,21,5.5,19,231,33,8,2010,2043
2010-08-20,1,92,71,82.0,68,72.0,0.0,17.0,504,1846,0.03,29.11,29.81,10.5,19,11.2,20,232,33,8,2010,2043
2010-08-20,2,93,75,84.0,66,71.0,0.0,19.0,504,1846,0.001,29.16,29.8,10.0,19,10.5,20,232,33,8,2010,2043
2010-08-21,1,86,71,79.0,69,72.0,0.0,14.0,505,1845,0.45,29.13,29.83,2.6,33,6.0,21,233,33,8,2010,2043
2010-08-21,2,86,71,79.0,68,71.0,0.0,14.0,505,1845,0.59,29.2,29.81,2.6,35,5.2,21,233,33,8,2010,2043
2010-08-22,1,81,68,75.0,64,67.0,0.0,10.0,506,1843,0.0,29.35,30.05,7.9,3,8.5,22,234,33,8,2010,2043
2010-08-22,2,80,68,74.0,64,68.0,0.0,9.0,506,1843,0.0,29.4,30.02,9.4,2,10.3,22,234,33,8,2010,2043
2010-08-23,1,80,65,73.0,63,67.0,0.0,8.0,508,1842,0.0,29.34,30.06,6.0,4,7.3,23,235,34,8,2010,2044
2010-08-23,2,78,67,73.0,63,67.0,0.0,8.0,508,1842,0.0,29.4,30.04,6.9,7,8.1,23,235,34,8,2010,2044
2010-08-24,1,84,64,74.0,62,66.0,0.0,9.0,509,1840,0.001,29.29,30.02,1.2,4,5.8,24,236,34,8,2010,2044
2010-08-24,2,81,68,75.0,61,66.0,0.0,10.0,509,1840,0.001,29.35,30.0,2.4,8,5.3,24,236,34,8,2010,2044
2010-08-25,1,79,61,70.0,51,59.0,0.0,5.0,510,1839,0.0,29.38,30.08,9.8,32,10.3,25,237,34,8,2010,2044
2010-08-25,2,79,63,71.0,50,59.0,0.0,6.0,510,1839,0.0,29.42,30.06,9.4,33,9.9,25,237,34,8,2010,2044
2010-08-26,1,79,59,69.0,52,59.0,0.0,4.0,511,1837,0.0,29.44,30.16,0.8,6,5.2,26,238,34,8,2010,2044
2010-08-26,2,78,62,70.0,52,59.0,0.0,5.0,511,1837,0.0,29.51,30.15,1.9,14,6.1,26,238,34,8,2010,2044
2010-08-27,1,86,59,73.0,56,63.0,0.0,8.0,512,1835,0.0,29.39,30.11,8.6,21,9.0,27,239,34,8,2010,2044
2010-08-27,2,83,61,72.0,53,61.0,0.0,7.0,512,1835,0.0,29.44,30.1,5.8,21,6.6,27,239,34,8,2010,2044
2010-08-28,1,88,65,77.0,54,63.0,0.0,12.0,513,1834,0.0,29.36,30.08,10.5,19,10.8,28,240,34,8,2010,2044
2010-08-28,2,87,65,76.0,50,61.0,0.0,11.0,513,1834,0.0,29.42,30.06,7.6,18,7.8,28,240,34,8,2010,2044
2010-08-29,1,94,71,83.0,66,71.0,0.0,18.0,514,1832,0.0,29.39,30.1,10.6,19,11.4,29,241,34,8,2010,2044
2010-08-29,2,93,72,83.0,63,69.0,0.0,18.0,514,1832,0.0,29.45,30.08,7.6,19,7.7,29,241,34,8,2010,2044
2010-08-30,1,88,74,81.0,67,72.0,0.0,16.0,515,1831,0.0,29.39,30.13,14.1,19,14.5,30,242,35,8,2010,2045
2010-08-30,2,88,73,81.0,65,70.0,0.0,16.0,515,1831,0.0,29.49,30.12,10.2,19,10.5,30,242,35,8,2010,2045
2010-08-31,1,93,75,84.0,68,73.0,0.0,19.0,516,1829,0.0,29.28,30.01,14.7,20,15.0,31,243,35,8,2010,2045
2010-08-31,2,92,75,84.0,67,72.0,0.0,19.0,516,1829,0.0,29.34,30.0,12.0,20,12.2,31,243,35,8,2010,2045
2010-09-01,1,81,71,76.0,68,70.0,0.0,11.0,517,1827,0.17,29.21,29.91,6.2,23,7.3,1,244,35,9,2010,2045
2010-09-01,2,80,71,76.0,66,70.0,0.0,11.0,517,1827,0.14,29.27,29.9,5.8,22,6.9,1,244,35,9,2010,2045
2010-09-02,1,83,65,74.0,68,70.0,0.0,9.0,518,1826,1.55,29.09,29.81,5.6,21,6.9,2,245,35,9,2010,2045
2010-09-02,2,83,66,75.0,67,70.0,0.0,10.0,518,1826,0.92,29.15,29.8,7.0,21,7.9,2,245,35,9,2010,2045
2010-09-03,1,70,56,63.0,52,57.0,2.0,0.0,519,1824,0.001,29.11,29.82,15.3,28,15.7,3,246,35,9,2010,2045
2010-09-03,2,72,57,65.0,51,57.0,0.0,0.0,519,1824,0.0,29.17,29.81,15.7,28,16.1,3,246,35,9,2010,2045
2010-09-04,1,68,51,60.0,44,51.0,5.0,0.0,520,1822,0.001,29.25,29.96,11.3,29,11.9,4,247,35,9,2010,2045
2010-09-04,2,68,52,60.0,43,51.0,5.0,0.0,520,1822,0.001,29.31,29.95,11.3,30,11.9,4,247,35,9,2010,2045
2010-09-05,1,76,49,63.0,50,56.0,2.0,0.0,521,1821,0.001,29.21,29.95,7.9,20,9.0,5,248,35,9,2010,2045
2010-09-05,2,77,52,65.0,48,56.0,0.0,0.0,521,1821,0.001,29.28,29.95,7.2,20,8.0,5,248,35,9,2010,2045
2010-09-06,1,82,66,74.0,52,61.0,0.0,9.0,522,1819,0.001,29.12,29.83,14.2,20,14.9,6,249,36,9,2010,2046
2010-09-06,2,84,68,76.0,50,60.0,0.0,11.0,522,1819,0.0,29.18,29.83,13.8,20,14.3,6,249,36,9,2010,2046
2010-09-07,1,77,58,68.0,49,58.0,0.0,3.0,523,1817,0.0,29.21,29.9,17.4,25,18.8,7,250,36,9,2010,2046
2010-09-07,2,79,60,70.0,47,58.0,0.0,5.0,523,1817,0.001,29.28,29.89,16.2,25,17.2,7,250,36,9,2010,2046
2010-09-08,1,71,51,61.0,48,54.0,4.0,0.0,524,1815,0.0,29.39,30.09,3.9,32,6.5,8,251,36,9,2010,2046
2010-09-08,2,71,53,62.0,47,54.0,3.0,0.0,524,1815,0.0,29.44,30.08,3.7,34,7.8,8,251,36,9,2010,2046
2010-09-09,1,67,50,59.0,49,54.0,6.0,0.0,525,1814,0.0,29.36,30.09,5.7,3,6.5,9,252,36,9,2010,2046
2010-09-09,2,68,53,61.0,49,55.0,4.0,0.0,525,1814,0.0,29.42,30.08,5.2,4,6.9,9,252,36,9,2010,2046
2010-09-10,1,72,55,64.0,51,58.0,1.0,0.0,526,1812,0.0,29.24,29.98,8.3,9,9.4,10,253,36,9,2010,2046
2010-09-10,2,72,59,66.0,50,57.0,0.0,1.0,526,1812,0.0,29.29,29.96,9.9,10,11.0,10,253,36,9,2010,2046
2010-09-11,1,75,58,67.0,55,59.0,0.0,2.0,527,1810,0.24,29.15,29.87,1.9,24,9.4,11,254,36,9,2010,2046
2010-09-11,2,75,59,67.0,54,59.0,0.0,2.0,527,1810,0.16,29.21,29.86,1.6,24,8.9,11,254,36,9,2010,2046
2010-09-12,1,83,54,69.0,51,59.0,0.0,4.0,528,1809,0.0,29.29,30.0,7.5,26,7.9,12,255,36,9,2010,2046
2010-09-12,2,83,53,68.0,50,59.0,0.0,3.0,528,1809,0.0,29.36,29.99,7.9,25,8.2,12,255,36,9,2010,2046
2010-09-13,1,82,57,70.0,50,59.0,0.0,5.0,529,1807,0.0,29.29,30.01,4.9,31,6.1,13,256,37,9,2010,2047
2010-09-13,2,82,61,72.0,53,60.0,0.0,7.0,529,1807,0.0,29.35,29.99,1.0,26,4.6,13,256,37,9,2010,2047
2010-09-14,1,77,54,66.0,49,57.0,0.0,1.0,530,1805,0.0,29.38,30.1,3.8,5,4.9,14,257,37,9,2010,2047
2010-09-14,2,77,58,68.0,48,57.0,0.0,3.0,530,1805,0.0,29.44,30.08,4.6,7,5.6,14,257,37,9,2010,2047
2010-09-15,1,75,59,67.0,54,60.0,0.0,2.0,531,1803,0.001,29.25,30.01,7.6,12,9.1,15,258,37,9,2010,2047
2010-09-15,2,75,61,68.0,52,59.0,0.0,3.0,531,1803,0.04,29.31,30.0,7.4,12,8.5,15,258,37,9,2010,2047
2010-09-16,1,69,53,61.0,56,59.0,4.0,0.0,532,1760,0.16,29.19,29.88,6.6,33,11.4,16,259,37,9,2010,2047
2010-09-16,2,70,57,64.0,55,59.0,1.0,0.0,532,1760,0.03,29.24,29.87,7.4,33,12.9,16,259,37,9,2010,2047
2010-09-17,1,74,49,62.0,50,56.0,3.0,0.0,533,1758,0.0,29.36,30.07,3.8,19,4.5,17,260,37,9,2010,2047
2010-09-17,2,74,51,63.0,49,56.0,2.0,0.0,533,1758,0.0,29.42,30.06,3.9,19,4.8,17,260,37,9,2010,2047
2010-09-18,1,65,58,62.0,55,58.0,3.0,0.0,535,1756,0.35,29.42,30.13,3.9,3,6.5,18,261,37,9,2010,2047
2010-09-18,2,66,60,63.0,55,58.0,2.0,0.0,535,1756,0.22,29.49,30.12,2.0,3,7.3,18,261,37,9,2010,2047
2010-09-19,1,67,55,61.0,49,55.0,4.0,0.0,536,1755,0.001,29.46,30.18,7.1,4,7.9,19,262,37,9,2010,2047
2010-09-19,2,68,56,62.0,48,55.0,3.0,0.0,536,1755,0.01,29.51,30.17,7.4,4,8.4,19,262,37,9,2010,2047
2010-09-20,1,75,62,69.0,60,63.0,0.0,4.0,537,1753,0.001,29.29,30.04,4.5,12,6.6,20,263,38,9,2010,2048
2010-09-20,2,77,63,70.0,60,64.0,0.0,5.0,537,1753,0.001,29.35,30.02,5.4,12,7.0,20,263,38,9,2010,2048
2010-09-21,1,88,68,78.0,64,68.0,0.0,13.0,538,1751,0.05,29.16,29.87,10.8,22,11.6,21,264,38,9,2010,2048
2010-09-21,2,89,67,78.0,62,67.0,0.0,13.0,538,1751,0.03,29.23,29.86,9.2,22,10.3,21,264,38,9,2010,2048
2010-09-22,1,74,63,69.0,61,63.0,0.0,4.0,539,1749,0.0,29.31,30.02,2.8,6,6.0,22,265,38,9,2010,2048
2010-09-22,2,75,64,70.0,61,63.0,0.0,5.0,539,1749,0.0,29.38,30.01,1.8,8,5.2,22,265,38,9,2010,2048
2010-09-23,1,89,65,77.0,62,68.0,0.0,12.0,540,1748,0.0,29.15,29.88,16.6,20,17.1,23,266,38,9,2010,2048
2010-09-23,2,90,66,78.0,61,68.0,0.0,13.0,540,1748,0.0,29.21,29.87,14.5,21,14.9,23,266,38,9,2010,2048
2010-09-24,1,80,56,68.0,54,59.0,0.0,3.0,541,1746,0.26,29.18,29.88,15.6,25,17.3,24,267,38,9,2010,2048
2010-09-24,2,79,57,68.0,53,59.0,0.0,3.0,541,1746,0.2,29.24,29.87,14.8,25,16.6,24,267,38,9,2010,2048
2010-09-25,1,60,52,56.0,43,49.0,9.0,0.0,542,1744,0.0,29.4,30.11,6.8,36,8.9,25,268,38,9,2010,2048
2010-09-25,2,60,52,56.0,43,49.0,9.0,0.0,542,1744,0.001,29.45,30.1,7.4,36,9.5,25,268,38,9,2010,2048
2010-09-26,1,60,50,55.0,45,49.0,10.0,0.0,543,1742,0.001,29.4,30.13,9.5,2,10.1,26,269,38,9,2010,2048
2010-09-26,2,60,52,56.0,44,50.0,9.0,0.0,543,1742,0.05,29.45,30.12,11.2,2,11.8,26,269,38,9,2010,2048
2010-09-27,1,65,48,57.0,45,50.0,8.0,0.0,544,1741,0.0,29.18,29.95,1.4,2,4.9,27,270,39,9,2010,2049
2010-09-27,2,63,49,56.0,46,50.0,9.0,0.0,544,1741,0.01,29.24,29.95,0.6,7,2.7,27,270,39,9,2010,2049
2010-09-28,1,71,46,59.0,45,52.0,6.0,0.0,545,1739,0.0,29.07,29.8,2.5,2,3.7,28,271,39,9,2010,2049
2010-09-28,2,70,46,58.0,44,51.0,7.0,0.0,545,1739,0.0,29.13,29.79,2.1,6,3.7,28,271,39,9,2010,2049
2010-09-29,1,75,52,64.0,48,55.0,1.0,0.0,546,1737,0.0,29.09,29.81,5.4,22,5.7,29,272,39,9,2010,2049
2010-09-29,2,76,50,63.0,45,54.0,2.0,0.0,546,1737,0.0,29.15,29.81,5.1,21,5.5,29,272,39,9,2010,2049
2010-09-30,1,74,52,63.0,49,55.0,2.0,0.0,547,1735,0.0,29.23,29.93,8.3,36,9.3,30,273,39,9,2010,2049
2010-09-30,2,75,53,64.0,49,55.0,1.0,0.0,547,1735,0.0,29.29,29.91,8.3,1,10.1,30,273,39,9,2010,2049
2010-10-01,1,73,48,61.0,44,52.0,4.0,0.0,548,1734,0.08,29.31,30.04,4.2,29,6.2,1,274,39,10,2010,2049
2010-10-01,2,74,49,62.0,43,52.0,3.0,0.0,548,1734,0.02,29.38,30.04,3.9,28,5.6,1,274,39,10,2010,2049
2010-10-02,1,57,45,51.0,41,46.0,14.0,0.0,549,1732,0.26,29.47,30.18,15.2,36,15.4,2,275,39,10,2010,2049
2010-10-02,2,55,46,51.0,42,47.0,14.0,0.0,549,1732,0.25,29.52,30.16,17.5,36,17.8,2,275,39,10,2010,2049
2010-10-03,1,56,42,49.0,39,44.0,16.0,0.0,550,1730,0.08,29.64,30.36,10.3,1,11.3,3,276,39,10,2010,2049
2010-10-03,2,57,43,50.0,38,44.0,15.0,0.0,550,1730,0.01,29.68,30.35,9.7,36,11.0,3,276,39,10,2010,2049
2010-10-04,1,60,38,49.0,39,45.0,16.0,0.0,552,1729,0.0,29.65,30.38,2.4,2,3.6,4,277,40,10,2010,2050
2010-10-04,2,59,41,50.0,39,45.0,15.0,0.0,552,1729,0.0,29.7,30.38,2.0,3,4.4,4,277,40,10,2010,2050
2010-10-05,1,68,39,54.0,38,46.0,11.0,0.0,553,1727,0.0,29.59,30.33,1.3,32,3.5,5,278,40,10,2010,2050
2010-10-05,2,66,40,53.0,37,46.0,12.0,0.0,553,1727,0.0,29.65,30.34,0.7,36,2.7,5,278,40,10,2010,2050
2010-10-06,1,78,46,62.0,44,53.0,3.0,0.0,554,1725,0.0,29.33,30.07,7.0,28,7.9,6,279,40,10,2010,2050
2010-10-06,2,78,45,62.0,43,52.0,3.0,0.0,554,1725,0.0,29.39,30.08,6.7,27,7.3,6,279,40,10,2010,2050
2010-10-07,1,76,49,63.0,39,50.0,2.0,0.0,555,1724,0.0,29.36,30.08,5.8,30,6.2,7,280,40,10,2010,2050
2010-10-07,2,76,49,63.0,40,51.0,2.0,0.0,555,1724,0.0,29.42,30.08,2.9,31,4.5,7,280,40,10,2010,2050
2010-10-08,1,79,48,64.0,40,52.0,1.0,0.0,556,1722,0.0,29.31,30.03,7.0,24,7.3,8,281,40,10,2010,2050
2010-10-08,2,79,49,64.0,37,51.0,1.0,0.0,556,1722,0.0,29.37,30.03,7.0,24,7.1,8,281,40,10,2010,2050
2010-10-09,1,86,55,71.0,52,59.0,0.0,6.0,557,1720,0.0,29.25,29.98,2.5,24,3.6,9,282,40,10,2010,2050
2010-10-09,2,87,56,72.0,49,59.0,0.0,7.0,557,1720,0.0,29.31,29.97,3.9,24,4.2,9,282,40,10,2010,2050
2010-10-10,1,84,57,71.0,50,59.0,0.0,6.0,558,1719,0.0,29.16,29.89,4.0,25,4.1,10,283,40,10,2010,2050
2010-10-10,2,84,59,72.0,50,59.0,0.0,7.0,558,1719,0.0,29.23,29.88,3.7,25,3.9,10,283,40,10,2010,2050
2010-10-11,1,82,54,68.0,52,58.0,0.0,3.0,559,1717,0.0,29.12,29.83,2.2,3,4.0,11,284,41,10,2010,2051
2010-10-11,2,81,57,69.0,53,59.0,0.0,4.0,559,1717,0.0,29.18,29.82,1.5,34,4.3,11,284,41,10,2010,2051
2010-10-12,1,76,52,64.0,54,58.0,1.0,0.0,600,1715,0.0,29.21,29.92,3.3,6,3.9,12,285,41,10,2010,2051
2010-10-12,2,76,54,65.0,54,59.0,0.0,0.0,600,1715,0.0,29.26,29.91,3.1,6,5.0,12,285,41,10,2010,2051
2010-10-13,1,66,47,57.0,46,52.0,8.0,0.0,602,1714,0.1,29.35,30.06,7.2,35,8.6,13,286,41,10,2010,2051
2010-10-13,2,63,48,56.0,48,53.0,9.0,0.0,602,1714,0.26,29.4,30.05,7.3,36,8.3,13,286,41,10,2010,2051
2010-10-14,1,66,43,55.0,32,45.0,10.0,0.0,603,1712,0.0,29.21,29.96,7.2,27,9.2,14,287,41,10,2010,2051
2010-10-14,2,66,43,55.0,32,45.0,10.0,0.0,603,1712,0.0,29.28,29.96,6.5,27,8.0,14,287,41,10,2010,2051
2010-10-15,1,63,44,54.0,41,47.0,11.0,0.0,604,1711,0.0,29.34,30.06,6.4,1,8.1,15,288,41,10,2010,2051
2010-10-15,2,62,47,55.0,41,47.0,10.0,0.0,604,1711,0.0,29.4,30.05,6.6,36,9.2,15,288,41,10,2010,2051
2010-10-16,1,71,40,56.0,39,48.0,9.0,0.0,605,1709,0.0,29.31,30.04,8.0,23,9.1,16,289,41,10,2010,2051
2010-10-16,2,71,44,58.0,39,48.0,7.0,0.0,605,1709,0.0,29.38,30.04,6.4,22,7.1,16,289,41,10,2010,2051
2010-10-17,1,65,47,56.0,36,46.0,9.0,0.0,606,1707,0.0,29.35,30.08,3.7,1,5.4,17,290,41,10,2010,2051
2010-10-17,2,64,48,56.0,38,47.0,9.0,0.0,606,1707,0.0,29.41,30.08,3.6,3,5.3,17,290,41,10,2010,2051
2010-10-18,1,61,43,52.0,40,47.0,13.0,0.0,607,1706,0.0,29.29,30.02,5.0,4,6.2,18,291,42,10,2010,2052
2010-10-18,2,60,45,53.0,41,47.0,12.0,0.0,607,1706,0.0,29.35,30.02,4.1,5,5.6,18,291,42,10,2010,2052
2010-10-19,1,60,39,50.0,35,43.0,15.0,0.0,608,1704,0.0,29.23,29.98,6.1,27,7.2,19,292,42,10,2010,2052
2010-10-19,2,61,40,51.0,35,44.0,14.0,0.0,608,1704,0.0,29.29,29.98,5.3,28,6.4,19,292,42,10,2010,2052
2010-10-20,1,70,44,57.0,35,46.0,8.0,0.0,610,1703,0.001,29.03,29.76,10.2,26,12.1,20,293,42,10,2010,2052
2010-10-20,2,70,46,58.0,35,46.0,7.0,0.0,610,1703,0.001,29.09,29.77,9.9,26,12.2,20,293,42,10,2010,2052
2010-10-21,1,56,38,47.0,30,40.0,18.0,0.0,611,1701,0.0,29.25,29.96,9.4,30,10.0,21,294,42,10,2010,2052
2010-10-21,2,56,41,49.0,29,40.0,16.0,0.0,611,1701,0.0,29.31,29.96,8.5,30,8.8,21,294,42,10,2010,2052
2010-10-22,1,64,33,49.0,31,42.0,16.0,0.0,612,1660,0.02,29.34,30.07,5.8,21,6.5,22,295,42,10,2010,2052
2010-10-22,2,65,37,51.0,29,42.0,14.0,0.0,612,1660,0.01,29.41,30.08,4.9,21,5.1,22,295,42,10,2010,2052
2010-10-23,1,65,54,60.0,47,53.0,5.0,0.0,613,1658,0.1,29.2,29.94,10.0,21,11.4,23,296,42,10,2010,2052
2010-10-23,2,67,54,61.0,43,52.0,4.0,0.0,613,1658,0.21,29.26,29.95,9.8,20,10.3,23,296,42,10,2010,2052
2010-10-24,1,72,54,63.0,53,57.0,2.0,0.0,614,1657,0.05,28.98,29.74,8.4,21,9.6,24,297,42,10,2010,2052
2010-10-24,2,73,57,65.0,51,57.0,0.0,0.0,614,1657,1.01,29.05,29.74,7.7,20,8.5,24,297,42,10,2010,2052
2010-10-25,1,72,56,64.0,56,60.0,1.0,0.0,616,1656,0.0,28.74,29.5,11.6,19,12.4,25,298,43,10,2010,2053
2010-10-25,2,72,57,65.0,56,60.0,0.0,0.0,616,1656,0.01,28.8,29.5,10.1,19,10.7,25,298,43,10,2010,2053
2010-10-26,1,70,54,62.0,47,53.0,3.0,0.0,617,1654,0.24,28.55,29.25,24.1,21,26.3,26,299,43,10,2010,2053
2010-10-26,2,71,54,63.0,47,54.0,2.0,0.0,617,1654,0.4,28.63,29.23,19.2,21,21.4,26,299,43,10,2010,2053
2010-10-27,1,65,43,54.0,32,44.0,11.0,0.0,618,1653,0.0,28.92,29.59,21.8,24,23.2,27,300,43,10,2010,2053
2010-10-27,2,65,43,54.0,31,45.0,11.0,0.0,618,1653,0.0,29.0,29.6,20.8,25,22.1,27,300,43,10,2010,2053
2010-10-28,1,46,39,43.0,31,38.0,22.0,0.0,619,1651,0.001,29.43,30.1,13.7,28,14.1,28,301,43,10,2010,2053
2010-10-28,2,46,39,43.0,30,38.0,22.0,0.0,619,1651,0.0,29.49,30.12,14.9,28,15.2,28,301,43,10,2010,2053
2010-10-29,1,50,31,41.0,27,36.0,24.0,0.0,620,1650,0.0,29.48,30.24,6.2,24,8.9,29,302,43,10,2010,2053
2010-10-29,2,50,33,42.0,26,36.0,23.0,0.0,620,1650,0.0,29.55,30.25,5.3,24,7.0,29,302,43,10,2010,2053
2010-10-30,1,63,42,53.0,32,42.0,12.0,0.0,622,1649,0.0,29.14,29.88,6.5,25,13.3,30,303,43,10,2010,2053
2010-10-30,2,63,41,52.0,32,42.0,13.0,0.0,622,1649,0.0,29.21,29.9,6.1,24,13.3,30,303,43,10,2010,2053
2010-10-31,1,52,36,44.0,30,38.0,21.0,0.0,623,1647,0.0,29.49,30.2,5.8,1,6.9,31,304,43,10,2010,2053
2010-10-31,2,52,39,46.0,31,40.0,19.0,0.0,623,1647,0.0,29.55,30.2,9.0,3,9.9,31,304,43,10,2010,2053
2011-05-01,1,63,47,55.0,37,47.0,10.0,0.0,448,1849,0.0,29.26,29.95,11.4,26,11.9,1,121,17,5,2011,2028
2011-05-01,2,64,52,58.0,37,48.0,7.0,0.0,448,1849,0.0,29.32,29.94,11.2,26,11.6,1,121,17,5,2011,2028
2011-05-02,1,59,42,51.0,31,42.0,14.0,0.0,447,1850,0.0,29.46,30.17,5.3,36,9.9,2,122,18,5,2011,2029
2011-05-02,2,60,43,52.0,31,42.0,13.0,0.0,447,1850,0.0,29.52,30.16,4.6,36,9.9,2,122,18,5,2011,2029
2011-05-03,1,50,37,44.0,31,38.0,21.0,0.0,446,1851,0.001,29.5,30.23,6.7,3,7.6,3,123,18,5,2011,2029
2011-05-03,2,51,38,45.0,30,38.0,20.0,0.0,446,1851,0.001,29.56,30.23,8.2,2,8.7,3,123,18,5,2011,2029
2011-05-04,1,59,37,48.0,29,40.0,17.0,0.0,444,1852,0.0,29.63,30.37,4.6,3,7.6,4,124,18,5,2011,2029
2011-05-04,2,57,37,47.0,29,40.0,18.0,0.0,444,1852,0.0,29.7,30.37,4.9,3,7.3,4,124,18,5,2011,2029
2011-05-05,1,63,35,49.0,40,46.0,16.0,0.0,443,1853,0.06,29.33,30.12,10.9,20,11.5,5,125,18,5,2011,2029
2011-05-05,2,62,41,52.0,39,46.0,13.0,0.0,443,1853,0.1,29.4,30.13,10.4,19,10.9,5,125,18,5,2011,2029
2011-05-06,1,68,44,56.0,39,48.0,9.0,0.0,442,1855,0.001,29.11,29.87,6.8,28,7.8,6,126,18,5,2011,2029
2011-05-06,2,69,45,57.0,39,49.0,8.0,0.0,442,1855,0.0,29.18,29.87,7.9,27,9.3,6,126,18,5,2011,2029
2011-05-07,1,60,43,52.0,44,48.0,13.0,0.0,441,1856,0.001,29.13,29.85,5.1,5,6.9,7,127,18,5,2011,2029
2011-05-07,2,60,46,53.0,46,50.0,12.0,0.0,441,1856,0.001,29.18,29.84,5.3,5,7.9,7,127,18,5,2011,2029
2011-05-08,1,68,39,54.0,43,49.0,11.0,0.0,439,1857,0.0,29.27,29.98,6.6,6,7.2,8,128,18,5,2011,2029
2011-05-08,2,68,44,56.0,44,50.0,9.0,0.0,439,1857,0.0,29.33,29.97,6.9,6,7.8,8,128,18,5,2011,2029
2011-05-09,1,73,47,60.0,45,53.0,5.0,0.0,438,1858,0.001,29.15,29.89,14.3,11,14.7,9,129,19,5,2011,2030
2011-05-09,2,74,51,63.0,46,55.0,2.0,0.0,438,1858,0.001,29.21,29.89,15.3,12,15.6,9,129,19,5,2011,2030
2011-05-10,1,90,62,76.0,61,66.0,0.0,11.0,437,1859,0.0,29.0,29.72,6.2,14,8.6,10,130,19,5,2011,2030
2011-05-10,2,91,64,78.0,60,66.0,0.0,13.0,437,1859,0.0,29.06,29.71,7.3,17,8.6,10,130,19,5,2011,2030
2011-05-11,1,87,63,75.0,66,68.0,0.0,10.0,436,1860,0.13,29.1,29.8,3.5,14,6.6,11,131,19,5,2011,2030
2011-05-11,2,88,67,78.0,65,69.0,0.0,13.0,436,1860,0.28,29.16,29.78,4.4,14,6.4,11,131,19,5,2011,2030
2011-05-12,1,86,58,72.0,63,66.0,0.0,7.0,435,1901,0.29,29.08,29.79,5.6,19,8.1,12,132,19,5,2011,2030
2011-05-12,2,87,63,75.0,61,66.0,0.0,10.0,435,1901,0.02,29.13,29.78,4.3,19,7.4,12,132,19,5,2011,2030
2011-05-13,1,77,47,62.0,54,56.0,3.0,0.0,434,1902,0.02,29.0,29.73,10.1,3,11.0,13,133,19,5,2011,2030
2011-05-13,2,77,47,62.0,54,57.0,3.0,0.0,434,1902,0.01,29.07,29.71,10.5,1,11.5,13,133,19,5,2011,2030
2011-05-14,1,53,45,49.0,47,48.0,16.0,0.0,433,1903,0.31,29.01,29.73,16.7,2,16.9,14,134,19,5,2011,2030
2011-05-14,2,51,46,49.0,46,47.0,16.0,0.0,433,1903,0.43,29.05,29.72,17.0,1,17.2,14,134,19,5,2011,2030
2011-05-15,1,46,41,44.0,36,41.0,21.0,0.0,432,1904,0.31,29.15,29.86,21.4,2,21.4,15,135,19,5,2011,2030
2011-05-15,2,48,42,45.0,38,42.0,20.0,0.0,432,1904,0.37,29.19,29.84,18.8,1,18.9,15,135,19,5,2011,2030
2011-05-16,1,52,37,45.0,30,40.0,20.0,0.0,431,1905,0.0,29.28,30.01,13.5,2,13.9,16,136,20,5,2011,2031
2011-05-16,2,53,40,47.0,31,40.0,18.0,0.0,431,1905,0.0,29.34,30.01,13.9,1,14.1,16,136,20,5,2011,2031
2011-05-17,1,60,40,50.0,33,43.0,15.0,0.0,430,1906,0.0,29.21,29.96,12.2,3,12.7,17,137,20,5,2011,2031
2011-05-17,2,60,40,50.0,35,44.0,15.0,0.0,430,1906,0.0,29.27,29.95,13.1,2,13.6,17,137,20,5,2011,2031
2011-05-18,1,57,49,53.0,48,49.0,12.0,0.0,429,1907,0.07,29.16,29.89,6.2,2,7.1,18,138,20,5,2011,2031
2011-05-18,2,61,50,56.0,49,51.0,9.0,0.0,429,1907,0.03,29.21,29.88,6.6,1,7.0,18,138,20,5,2011,2031
2011-05-19,1,72,49,61.0,53,56.0,4.0,0.0,428,1908,0.0,29.29,30.0,3.6,2,5.8,19,139,20,5,2011,2031
2011-05-19,2,73,50,62.0,53,55.0,3.0,0.0,428,1908,0.0,29.36,30.0,3.0,2,5.0,19,139,20,5,2011,2031
2011-05-20,1,73,50,62.0,54,57.0,3.0,0.0,427,1909,0.0,29.3,30.03,5.5,6,6.0,20,140,20,5,2011,2031
2011-05-20,2,72,50,61.0,53,56.0,4.0,0.0,427,1909,0.0,29.36,30.03,5.4,7,6.2,20,140,20,5,2011,2031
2011-05-21,1,75,50,63.0,59,62.0,2.0,0.0,426,1910,0.01,29.13,29.87,7.0,15,8.1,21,141,20,5,2011,2031
2011-05-21,2,76,51,64.0,59,62.0,1.0,0.0,426,1910,0.001,29.2,29.87,8.1,15,9.0,21,141,20,5,2011,2031
2011-05-22,1,87,61,74.0,60,64.0,0.0,9.0,425,1911,0.58,28.95,29.7,10.3,19,11.4,22,142,20,5,2011,2031
2011-05-22,2,88,65,77.0,59,65.0,0.0,12.0,425,1911,0.12,29.02,29.69,11.2,18,11.6,22,142,20,5,2011,2031
2011-05-23,1,79,60,70.0,59,64.0,0.0,5.0,425,1912,0.001,28.92,29.62,10.0,25,11.3,23,143,21,5,2011,2032
2011-05-23,2,80,65,73.0,59,64.0,0.0,8.0,425,1912,0.001,28.98,29.61,11.3,24,12.5,23,143,21,5,2011,2032
2011-05-24,1,66,47,57.0,47,51.0,8.0,0.0,424,1913,0.11,29.15,29.86,12.0,4,12.4,24,144,21,5,2011,2032
2011-05-24,2,69,48,59.0,47,53.0,6.0,0.0,424,1913,0.01,29.21,29.84,11.1,3,11.5,24,144,21,5,2011,2032
2011-05-25,1,67,47,57.0,52,53.0,8.0,0.0,423,1914,2.24,28.92,29.67,10.7,3,11.7,25,145,21,5,2011,2032
2011-05-25,2,75,49,62.0,53,55.0,3.0,0.0,423,1914,1.9,28.97,29.65,7.8,3,10.1,25,145,21,5,2011,2032
2011-05-26,1,49,43,46.0,40,43.0,19.0,0.0,422,1915,1.06,29.15,29.84,17.7,2,17.8,26,146,21,5,2011,2032
2011-05-26,2,50,43,47.0,40,43.0,18.0,0.0,422,1915,0.61,29.19,29.83,18.8,1,18.9,26,146,21,5,2011,2032
2011-05-27,1,58,40,49.0,41,46.0,16.0,0.0,422,1916,0.001,29.21,29.93,7.3,5,8.7,27,147,21,5,2011,2032
2011-05-27,2,58,42,50.0,41,46.0,15.0,0.0,422,1916,0.01,29.27,29.94,6.6,4,8.0,27,147,21,5,2011,2032
2011-05-28,1,62,51,57.0,55,55.0,8.0,0.0,421,1916,0.12,29.1,29.83,6.0,18,6.7,28,148,21,5,2011,2032
2011-05-28,2,64,52,58.0,55,57.0,7.0,0.0,421,1916,0.23,29.16,29.83,4.4,18,5.8,28,148,21,5,2011,2032
2011-05-29,1,70,52,61.0,59,60.0,4.0,0.0,421,1917,1.88,29.16,29.86,3.6,11,5.7,29,149,21,5,2011,2032
2011-05-29,2,72,57,65.0,60,61.0,0.0,0.0,421,1917,0.92,29.23,29.86,3.6,11,6.6,29,149,21,5,2011,2032
2011-05-30,1,88,56,72.0,65,69.0,0.0,7.0,420,1918,0.0,29.26,29.97,12.4,20,12.8,30,150,22,5,2011,2033
2011-05-30,2,90,65,78.0,65,70.0,0.0,13.0,420,1918,0.0,29.33,29.96,11.2,19,11.6,30,150,22,5,2011,2033
2011-05-31,1,85,69,77.0,64,68.0,0.0,12.0,420,1919,0.08,29.34,30.04,12.4,22,13.2,31,151,22,5,2011,2033
2011-05-31,2,88,69,79.0,65,70.0,0.0,14.0,420,1919,0.001,29.41,30.02,12.4,22,13.2,31,151,22,5,2011,2033
2011-06-01,1,81,59,70.0,49,59.0,0.0,5.0,419,1920,0.0,29.44,30.17,10.7,27,10.5,1,152,22,6,2011,2033
2011-06-01,2,82,63,73.0,49,59.0,0.0,8.0,419,1920,0.0,29.51,30.15,11.5,26,11.5,1,152,22,6,2011,2033
2011-06-02,1,69,56,63.0,44,53.0,2.0,0.0,419,1920,0.02,29.45,30.19,9.0,6,9.4,2,153,22,6,2011,2033
2011-06-02,2,69,57,63.0,45,53.0,2.0,0.0,419,1920,0.001,29.51,30.18,8.9,6,9.6,2,153,22,6,2011,2033
2011-06-03,1,87,55,71.0,62,67.0,0.0,6.0,418,1921,0.01,29.31,30.04,10.8,17,11.5,3,154,22,6,2011,2033
2011-06-03,2,88,57,73.0,61,67.0,0.0,8.0,418,1921,0.18,29.37,30.03,10.0,16,10.6,3,154,22,6,2011,2033
2011-06-04,1,92,64,78.0,64,68.0,0.0,13.0,418,1922,0.18,29.31,30.02,1.4,26,8.5,4,155,22,6,2011,2033
2011-06-04,2,91,67,79.0,64,69.0,0.0,14.0,418,1922,0.5,29.38,30.0,3.0,26,8.1,4,155,22,6,2011,2033
2011-06-05,1,85,60,73.0,55,62.0,0.0,8.0,417,1923,0.001,29.36,30.08,3.1,7,5.4,5,156,22,6,2011,2033
2011-06-05,2,84,63,74.0,55,62.0,0.0,9.0,417,1923,0.01,29.41,30.06,2.7,8,5.0,5,156,22,6,2011,2033
2011-06-06,1,93,60,77.0,64,69.0,0.0,12.0,417,1923,0.0,29.15,29.89,8.5,20,9.7,6,157,23,6,2011,2034
2011-06-06,2,94,62,78.0,63,69.0,0.0,13.0,417,1923,0.0,29.22,29.88,7.8,20,8.6,6,157,23,6,2011,2034
2011-06-07,1,96,75,86.0,65,72.0,0.0,21.0,417,1924,0.0,29.11,29.82,10.3,23,10.6,7,158,23,6,2011,2034
2011-06-07,2,96,77,87.0,64,72.0,0.0,22.0,417,1924,0.0,29.18,29.8,9.7,23,10.1,7,158,23,6,2011,2034
2011-06-08,1,95,66,81.0,64,71.0,0.0,16.0,417,1925,0.17,29.13,29.81,11.6,24,13.4,8,159,23,6,2011,2034
2011-06-08,2,96,67,82.0,63,71.0,0.0,17.0,417,1925,0.69,29.2,29.8,9.3,23,12.1,8,159,23,6,2011,2034
2011-06-09,1,69,50,60.0,52,55.0,5.0,0.0,416,1925,0.93,29.28,30.0,8.0,4,12.5,9,160,23,6,2011,2034
2011-06-09,2,69,52,61.0,54,56.0,4.0,0.0,416,1925,2.17,29.34,29.98,7.0,4,12.0,9,160,23,6,2011,2034
2011-06-10,1,69,51,60.0,56,57.0,5.0,0.0,416,1926,0.52,29.21,29.94,6.4,3,8.0,10,161,23,6,2011,2034
2011-06-10,2,71,51,61.0,56,58.0,4.0,0.0,416,1926,0.44,29.26,29.92,6.1,1,7.5,10,161,23,6,2011,2034
2011-06-11,1,62,52,57.0,54,55.0,8.0,0.0,416,1926,0.03,29.24,29.95,4.7,5,5.7,11,162,23,6,2011,2034
2011-06-11,2,65,53,59.0,54,56.0,6.0,0.0,416,1926,0.1,29.29,29.94,5.4,2,5.8,11,162,23,6,2011,2034
2011-06-12,1,64,50,57.0,45,52.0,8.0,0.0,416,1927,0.0,29.38,30.1,8.3,3,8.9,12,163,23,6,2011,2034
2011-06-12,2,64,51,58.0,45,52.0,7.0,0.0,416,1927,0.0,29.44,30.09,9.4,2,9.9,12,163,23,6,2011,2034
2011-06-13,1,72,54,63.0,43,53.0,2.0,0.0,416,1927,0.0,29.39,30.11,7.5,6,7.8,13,164,24,6,2011,2035
2011-06-13,2,71,56,64.0,43,53.0,1.0,0.0,416,1927,0.0,29.44,30.11,8.0,6,8.7,13,164,24,6,2011,2035
2011-06-14,1,77,53,65.0,49,56.0,0.0,0.0,416,1928,0.0,29.25,30.01,7.8,9,8.6,14,165,24,6,2011,2035
2011-06-14,2,77,58,68.0,49,57.0,0.0,3.0,416,1928,0.0,29.31,30.0,7.8,9,8.3,14,165,24,6,2011,2035
2011-06-15,1,71,57,64.0,59,61.0,1.0,0.0,416,1928,0.8,29.0,29.73,9.2,15,11.2,15,166,24,6,2011,2035
2011-06-15,2,72,57,65.0,59,62.0,0.0,0.0,416,1928,0.84,29.07,29.73,8.4,16,11.2,15,166,24,6,2011,2035
2011-06-16,1,81,61,71.0,59,63.0,0.0,6.0,416,1929,0.04,29.05,29.76,5.5,29,7.5,16,167,24,6,2011,2035
2011-06-16,2,81,62,72.0,59,63.0,0.0,7.0,416,1929,0.03,29.12,29.75,6.6,26,9.1,16,167,24,6,2011,2035
2011-06-17,1,82,60,71.0,60,64.0,0.0,6.0,416,1929,0.0,29.13,29.83,5.8,6,6.6,17,168,24,6,2011,2035
2011-06-17,2,82,64,73.0,60,65.0,0.0,8.0,416,1929,0.0,29.18,29.81,5.3,7,6.2,17,168,24,6,2011,2035
2011-06-18,1,84,61,73.0,62,65.0,0.0,8.0,416,1929,0.0,29.1,29.82,4.6,6,6.4,18,169,24,6,2011,2035
2011-06-18,2,83,63,73.0,62,66.0,0.0,8.0,416,1929,0.0,29.16,29.8,4.5,8,6.4,18,169,24,6,2011,2035
2011-06-19,1,81,63,72.0,65,68.0,0.0,7.0,416,1930,0.0,29.03,29.75,4.1,11,5.2,19,170,24,6,2011,2035
2011-06-19,2,83,65,74.0,65,69.0,0.0,9.0,416,1930,0.0,29.08,29.73,3.7,14,4.9,19,170,24,6,2011,2035
2011-06-20,1,79,65,72.0,67,69.0,0.0,7.0,416,1930,0.18,29.01,29.72,6.2,16,8.1,20,171,25,6,2011,2036
2011-06-20,2,80,69,75.0,67,69.0,0.0,10.0,416,1930,1.23,29.07,29.7,8.0,16,9.5,20,171,25,6,2011,2036
2011-06-21,1,89,66,78.0,70,72.0,0.0,13.0,416,1930,0.45,28.92,29.64,11.5,18,12.1,21,172,25,6,2011,2036
2011-06-21,2,89,69,79.0,70,73.0,0.0,14.0,416,1930,0.08,28.98,29.63,11.0,18,11.8,21,172,25,6,2011,2036
2011-06-22,1,73,64,69.0,63,65.0,0.0,4.0,417,1931,0.02,28.89,29.59,12.6,21,13.4,22,173,25,6,2011,2036
2011-06-22,2,75,66,71.0,62,65.0,0.0,6.0,417,1931,0.02,28.95,29.59,12.9,21,13.4,22,173,25,6,2011,2036
2011-06-23,1,71,62,67.0,59,62.0,0.0,2.0,417,1931,0.01,28.9,29.6,11.4,26,12.7,23,174,25,6,2011,2036
2011-06-23,2,72,63,68.0,60,63.0,0.0,3.0,417,1931,0.05,28.96,29.6,12.6,26,13.5,23,174,25,6,2011,2036
2011-06-24,1,68,60,64.0,56,59.0,1.0,0.0,417,1931,0.0,29.08,29.76,9.4,29,9.6,24,175,25,6,2011,2036
2011-06-24,2,68,60,64.0,55,59.0,1.0,0.0,417,1931,0.0,29.13,29.76,8.5,29,8.7,24,175,25,6,2011,2036
2011-06-25,1,79,58,69.0,53,60.0,0.0,4.0,417,1931,0.0,29.21,29.92,2.5,10,4.6,25,176,25,6,2011,2036
2011-06-25,2,78,61,70.0,52,60.0,0.0,5.0,417,1931,0.001,29.28,29.91,3.9,9,5.8,25,176,25,6,2011,2036
2011-06-26,1,81,57,69.0,53,60.0,0.0,4.0,418,1931,0.0,29.23,29.94,5.8,9,6.9,26,177,25,6,2011,2036
2011-06-26,2,80,64,72.0,53,61.0,0.0,7.0,418,1931,0.0,29.28,29.93,6.5,9,7.0,26,177,25,6,2011,2036
2011-06-27,1,81,65,73.0,63,67.0,0.0,8.0,418,1931,0.03,29.08,29.8,6.9,21,10.8,27,178,26,6,2011,2037
2011-06-27,2,80,67,74.0,64,67.0,0.0,9.0,418,1931,0.14,29.15,29.79,6.4,21,9.2,27,178,26,6,2011,2037
2011-06-28,1,81,63,72.0,54,61.0,0.0,7.0,419,1931,0.0,29.28,29.98,9.1,30,9.6,28,179,26,6,2011,2037
2011-06-28,2,81,65,73.0,53,61.0,0.0,8.0,419,1931,0.0,29.34,29.97,7.2,30,8.6,28,179,26,6,2011,2037
2011-06-29,1,81,59,70.0,56,62.0,0.0,5.0,419,1931,0.0,29.35,30.06,3.7,8,5.4,29,180,26,6,2011,2037
2011-06-29,2,80,63,72.0,55,62.0,0.0,7.0,419,1931,0.0,29.41,30.04,3.9,8,5.9,29,180,26,6,2011,2037
2011-06-30,1,88,60,74.0,62,67.0,0.0,9.0,419,1931,0.001,29.28,30.0,8.2,17,9.4,30,181,26,6,2011,2037
2011-06-30,2,89,66,78.0,61,67.0,0.0,13.0,419,1931,0.03,29.34,29.99,9.2,16,10.6,30,181,26,6,2011,2037
2011-07-01,1,89,72,81.0,62,68.0,0.0,16.0,420,1931,0.0,29.24,29.96,14.3,18,14.9,1,182,26,7,2011,2037
2011-07-01,2,89,70,80.0,63,68.0,0.0,15.0,420,1931,0.01,29.31,29.95,10.4,18,10.8,1,182,26,7,2011,2037
2011-07-02,1,94,71,83.0,70,74.0,0.0,18.0,420,1931,0.0,29.25,29.95,3.9,24,8.3,2,183,26,7,2011,2037
2011-07-02,2,93,73,83.0,71,74.0,0.0,18.0,420,1931,0.0,29.31,29.94,3.1,23,7.5,2,183,26,7,2011,2037
2011-07-03,1,84,69,77.0,57,65.0,0.0,12.0,421,1931,0.0,29.28,29.98,4.7,2,5.9,3,184,26,7,2011,2037
2011-07-03,2,86,70,78.0,58,65.0,0.0,13.0,421,1931,0.0,29.33,29.96,4.4,3,6.1,3,184,26,7,2011,2037
2011-07-04,1,89,65,77.0,55,64.0,0.0,12.0,422,1930,0.0,29.26,29.97,2.9,5,4.3,4,185,27,7,2011,2038
2011-07-04,2,88,68,78.0,53,63.0,0.0,13.0,422,1930,0.0,29.32,29.95,3.3,7,4.5,4,185,27,7,2011,2038
2011-07-05,1,91,68,80.0,60,68.0,0.0,15.0,422,1930,0.0,29.25,29.96,5.2,28,6.2,5,186,27,7,2011,2038
2011-07-05,2,92,67,80.0,59,68.0,0.0,15.0,422,1930,0.0,29.31,29.94,4.9,26,5.6,5,186,27,7,2011,2038
2011-07-06,1,86,70,78.0,61,67.0,0.0,13.0,423,1930,0.001,29.27,29.97,5.7,4,7.5,6,187,27,7,2011,2038
2011-07-06,2,87,71,79.0,60,67.0,0.0,14.0,423,1930,0.0,29.33,29.95,5.9,4,7.3,6,187,27,7,2011,2038
2011-07-07,1,82,63,73.0,53,62.0,0.0,8.0,423,1930,0.001,29.22,29.95,5.1,7,6.2,7,188,27,7,2011,2038
2011-07-07,2,81,66,74.0,55,63.0,0.0,9.0,423,1930,0.07,29.28,29.93,5.7,7,7.1,7,188,27,7,2011,2038
2011-07-08,1,86,61,74.0,51,62.0,0.0,9.0,424,1929,0.0,29.17,29.88,5.1,6,6.0,8,189,27,7,2011,2038
2011-07-08,2,86,65,76.0,52,63.0,0.0,11.0,424,1929,0.0,29.22,29.86,5.2,4,6.5,8,189,27,7,2011,2038
2011-07-09,1,91,61,76.0,58,66.0,0.0,11.0,425,1929,0.0,29.21,29.92,5.2,19,5.9,9,190,27,7,2011,2038
2011-07-09,2,90,67,79.0,60,68.0,0.0,14.0,425,1929,0.0,29.27,29.9,5.4,18,6.5,9,190,27,7,2011,2038
2011-07-10,1,91,74,83.0,68,72.0,0.0,18.0,425,1929,0.001,29.18,29.89,9.3,19,9.7,10,191,27,7,2011,2038
2011-07-10,2,91,75,83.0,67,72.0,0.0,18.0,425,1929,0.001,29.23,29.87,7.8,19,8.1,10,191,27,7,2011,2038
2011-07-11,1,88,71,80.0,71,74.0,0.0,15.0,426,1928,0.39,29.12,29.82,5.5,25,8.5,11,192,28,7,2011,2039
2011-07-11,2,90,70,80.0,70,74.0,0.0,15.0,426,1928,0.13,29.18,29.81,5.3,24,8.0,11,192,28,7,2011,2039
2011-07-12,1,87,70,79.0,63,69.0,0.0,14.0,427,1928,0.01,29.25,29.94,5.6,2,7.7,12,193,28,7,2011,2039
2011-07-12,2,88,71,80.0,64,69.0,0.0,15.0,427,1928,0.01,29.31,29.92,4.5,4,7.0,12,193,28,7,2011,2039
2011-07-13,1,74,63,69.0,57,62.0,0.0,4.0,428,1927,0.0,29.35,30.06,10.5,4,10.9,13,194,28,7,2011,2039
2011-07-13,2,74,66,70.0,57,63.0,0.0,5.0,428,1927,0.0,29.4,30.04,11.6,4,12.2,13,194,28,7,2011,2039
2011-07-14,1,82,59,71.0,56,63.0,0.0,6.0,428,1927,0.0,29.3,30.02,6.5,10,8.0,14,195,28,7,2011,2039
2011-07-14,2,82,65,74.0,56,63.0,0.0,9.0,428,1927,0.0,29.35,30.0,7.3,9,8.7,14,195,28,7,2011,2039
2011-07-15,1,87,70,79.0,60,66.0,0.0,14.0,429,1926,0.001,29.27,29.98,5.4,9,6.7,15,196,28,7,2011,2039
2011-07-15,2,86,71,79.0,60,67.0,0.0,14.0,429,1926,0.0,29.33,29.96,6.2,10,6.8,15,196,28,7,2011,2039
2011-07-16,1,89,71,80.0,61,68.0,0.0,15.0,430,1925,0.001,29.32,30.02,3.4,19,4.3,16,197,28,7,2011,2039
2011-07-16,2,90,74,82.0,60,68.0,0.0,17.0,430,1925,0.0,29.38,30.0,2.5,19,2.7,16,197,28,7,2011,2039
2011-07-17,1,95,69,82.0,69,74.0,0.0,17.0,431,1925,0.0,29.35,30.06,6.2,22,6.4,17,198,28,7,2011,2039
2011-07-17,2,95,74,85.0,69,74.0,0.0,20.0,431,1925,0.0,29.41,30.04,6.8,23,7.2,17,198,28,7,2011,2039
2011-07-18,1,92,80,86.0,75,78.0,0.0,21.0,432,1924,0.01,29.23,29.96,10.6,25,10.8,18,199,29,7,2011,2040
2011-07-18,2,93,81,87.0,74,77.0,0.0,22.0,432,1924,0.001,29.29,29.94,11.2,24,11.7,18,199,29,7,2011,2040
2011-07-19,1,93,78,86.0,72,76.0,0.0,21.0,433,1923,0.0,29.17,29.89,4.5,7,6.2,19,200,29,7,2011,2040
2011-07-19,2,92,79,86.0,73,77.0,0.0,21.0,433,1923,0.0,29.23,29.86,3.2,6,6.6,19,200,29,7,2011,2040
2011-07-20,1,99,73,86.0,73,77.0,0.0,21.0,433,1923,0.02,29.08,29.8,9.0,23,10.7,20,201,29,7,2011,2040
2011-07-20,2,100,77,89.0,73,77.0,0.0,24.0,433,1923,0.0,29.15,29.78,7.6,23,9.9,20,201,29,7,2011,2040
2011-07-21,1,99,75,87.0,70,76.0,0.0,22.0,434,1922,0.02,29.1,29.8,6.2,28,8.8,21,202,29,7,2011,2040
2011-07-21,2,101,82,92.0,72,77.0,0.0,27.0,434,1922,0.0,29.16,29.77,5.3,26,10.0,21,202,29,7,2011,2040
2011-07-22,1,88,70,79.0,70,73.0,0.0,14.0,435,1921,1.55,29.18,29.88,1.7,9,9.0,22,203,29,7,2011,2040
2011-07-22,2,100,71,85.5,70,74.0,0.0,4.0,435,1921,0.14,29.23,29.86,3.8,10,8.2,22,203,29,7,2011,2040
2011-07-23,1,87,70,79.0,70,73.0,0.0,14.0,436,1920,6.86,29.23,29.95,0.8,30,5.3,23,204,29,7,2011,2040
2011-07-23,2,87,70,79.0,70,73.0,0.0,14.0,436,1920,0.04,29.28,29.93,0.7,20,4.9,23,204,29,7,2011,2040
2011-07-24,1,87,72,80.0,70,73.0,0.0,15.0,437,1919,0.18,29.26,29.97,1.5,23,6.4,24,205,29,7,2011,2040
2011-07-24,2,87,72,80.0,69,72.0,0.0,15.0,437,1919,0.02,29.32,29.95,0.7,20,5.7,24,205,29,7,2011,2040
2011-07-25,1,88,73,81.0,66,71.0,0.0,16.0,438,1918,0.0,29.2,29.91,3.4,32,6.5,25,206,30,7,2011,2041
2011-07-25,2,90,73,82.0,67,71.0,0.0,17.0,438,1918,0.01,29.25,29.89,2.1,35,6.1,25,206,30,7,2011,2041
2011-07-26,1,83,71,77.0,63,68.0,0.0,12.0,439,1918,0.0,29.18,29.88,6.3,5,8.5,26,207,30,7,2011,2041
2011-07-26,2,85,72,79.0,62,68.0,0.0,14.0,439,1918,0.01,29.23,29.86,5.9,6,8.0,26,207,30,7,2011,2041
2011-07-27,1,90,68,79.0,66,70.0,0.0,14.0,440,1917,0.71,29.13,29.85,6.2,16,9.5,27,208,30,7,2011,2041
2011-07-27,2,92,72,82.0,66,71.0,0.0,17.0,440,1917,0.001,29.21,29.84,6.0,16,9.9,27,208,30,7,2011,2041
2011-07-28,1,87,73,80.0,71,74.0,0.0,15.0,441,1916,0.7,29.2,29.89,3.2,23,6.8,28,209,30,7,2011,2041
2011-07-28,2,88,74,81.0,71,74.0,0.0,16.0,441,1916,0.001,29.26,29.87,3.3,21,6.8,28,209,30,7,2011,2041
2011-07-29,1,86,71,79.0,67,71.0,0.0,14.0,442,1915,0.7,29.28,29.98,4.3,4,5.9,29,210,30,7,2011,2041
2011-07-29,2,86,74,80.0,69,72.0,0.0,15.0,442,1915,0.36,29.34,29.96,3.5,4,5.6,29,210,30,7,2011,2041
2011-07-30,1,91,67,79.0,64,70.0,0.0,14.0,443,1914,0.0,29.35,30.05,2.4,13,3.4,30,211,30,7,2011,2041
2011-07-30,2,91,68,80.0,65,71.0,0.0,15.0,443,1914,0.0,29.41,30.03,2.0,11,3.4,30,211,30,7,2011,2041
2011-07-31,1,90,68,79.0,69,73.0,0.0,14.0,444,1913,0.0,29.35,30.06,4.9,25,5.0,31,212,30,7,2011,2041
2011-07-31,2,91,73,82.0,69,73.0,0.0,17.0,444,1913,0.0,29.41,30.04,4.5,23,5.0,31,212,30,7,2011,2041
2011-08-01,1,91,74,83.0,72,75.0,0.0,18.0,445,1911,0.0,29.28,29.99,4.2,27,4.9,1,213,31,8,2011,2042
2011-08-01,2,91,76,84.0,71,75.0,0.0,19.0,445,1911,0.0,29.33,29.97,3.1,25,5.9,1,213,31,8,2011,2042
2011-08-02,1,93,74,84.0,73,76.0,0.0,19.0,446,1910,0.43,29.04,29.77,8.3,21,9.1,2,214,31,8,2011,2042
2011-08-02,2,93,74,84.0,73,77.0,0.0,19.0,446,1910,0.28,29.1,29.75,8.0,20,8.5,2,214,31,8,2011,2042
2011-08-03,1,86,72,79.0,67,71.0,0.0,14.0,447,1909,0.0,29.11,29.81,6.9,2,8.0,3,215,31,8,2011,2042
2011-08-03,2,87,73,80.0,66,71.0,0.0,15.0,447,1909,0.0,29.16,29.78,9.6,1,10.3,3,215,31,8,2011,2042
2011-08-04,1,84,69,77.0,66,69.0,0.0,12.0,448,1908,0.0,29.25,29.94,5.3,5,6.0,4,216,31,8,2011,2042
2011-08-04,2,82,69,76.0,67,70.0,0.0,11.0,448,1908,0.0,29.3,29.92,4.8,5,6.7,4,216,31,8,2011,2042
2011-08-05,1,83,69,76.0,68,71.0,0.0,11.0,449,1907,0.001,29.21,29.93,4.0,5,5.5,5,217,31,8,2011,2042
2011-08-05,2,84,70,77.0,68,71.0,0.0,12.0,449,1907,0.001,29.26,29.91,5.2,7,6.0,5,217,31,8,2011,2042
2011-08-06,1,85,72,79.0,70,72.0,0.0,14.0,450,1906,0.18,29.1,29.82,2.5,5,4.0,6,218,31,8,2011,2042
2011-08-06,2,85,73,79.0,70,72.0,0.0,14.0,450,1906,0.69,29.15,29.8,1.3,3,3.7,6,218,31,8,2011,2042
2011-08-07,1,86,68,77.0,69,71.0,0.0,12.0,451,1904,0.75,29.03,29.75,4.6,27,6.4,7,219,31,8,2011,2042
2011-08-07,2,87,70,79.0,69,72.0,0.0,14.0,451,1904,0.49,29.09,29.73,3.6,26,5.6,7,219,31,8,2011,2042
2011-08-08,1,80,68,74.0,67,69.0,0.0,9.0,452,1903,0.63,29.0,29.72,4.0,4,6.2,8,220,32,8,2011,2043
2011-08-08,2,80,69,75.0,67,70.0,0.0,10.0,452,1903,0.29,29.06,29.7,2.8,6,5.8,8,220,32,8,2011,2043
2011-08-09,1,80,64,72.0,61,66.0,0.0,7.0,453,1902,0.0,28.97,29.67,10.8,28,11.1,9,221,32,8,2011,2043
2011-08-09,2,82,66,74.0,61,66.0,0.0,9.0,453,1902,0.01,29.03,29.66,11.0,27,11.6,9,221,32,8,2011,2043
2011-08-10,1,77,61,69.0,54,61.0,0.0,4.0,454,1900,0.0,29.14,29.84,7.3,31,8.7,10,222,32,8,2011,2043
2011-08-10,2,78,62,70.0,54,61.0,0.0,5.0,454,1900,0.0,29.2,29.82,4.4,31,8.0,10,222,32,8,2011,2043
2011-08-11,1,81,57,69.0,54,61.0,0.0,4.0,455,1859,0.0,29.25,29.95,2.0,24,3.0,11,223,32,8,2011,2043
2011-08-11,2,81,60,71.0,54,61.0,0.0,6.0,455,1859,0.0,29.31,29.93,2.7,23,4.2,11,223,32,8,2011,2043
2011-08-12,1,81,60,71.0,59,64.0,0.0,6.0,456,1858,0.0,29.22,29.94,8.3,19,8.5,12,224,32,8,2011,2043
2011-08-12,2,82,65,74.0,57,64.0,0.0,9.0,456,1858,0.0,29.28,29.93,8.2,19,8.4,12,224,32,8,2011,2043
2011-08-13,1,83,62,73.0,64,66.0,0.0,8.0,457,1856,0.75,29.15,29.86,3.6,27,6.7,13,225,32,8,2011,2043
2011-08-13,2,84,66,75.0,63,66.0,0.0,10.0,457,1856,0.93,29.2,29.84,5.3,24,7.8,13,225,32,8,2011,2043
2011-08-14,1,75,62,69.0,60,63.0,0.0,4.0,458,1855,0.001,29.24,29.95,10.4,36,11.7,14,226,32,8,2011,2043
2011-08-14,2,75,62,69.0,60,63.0,0.0,4.0,458,1855,0.01,29.29,29.93,11.7,35,12.6,14,226,32,8,2011,2043
2011-08-15,1,82,57,70.0,55,62.0,0.0,5.0,459,1854,0.0,29.28,29.98,2.4,2,4.9,15,227,33,8,2011,2044
2011-08-15,2,80,59,70.0,55,62.0,0.0,5.0,459,1854,0.0,29.33,29.96,2.7,5,5.2,15,227,33,8,2011,2044
2011-08-16,1,85,61,73.0,58,64.0,0.0,8.0,500,1852,0.0,29.32,30.03,2.9,18,3.9,16,228,33,8,2011,2044
2011-08-16,2,83,63,73.0,56,63.0,0.0,8.0,500,1852,0.0,29.38,30.01,2.3,18,3.0,16,228,33,8,2011,2044
2011-08-17,1,83,62,73.0,63,67.0,0.0,8.0,501,1851,0.0,29.31,30.02,5.6,22,6.0,17,229,33,8,2011,2044
2011-08-17,2,83,65,74.0,61,67.0,0.0,9.0,501,1851,0.0,29.36,30.01,6.0,21,6.2,17,229,33,8,2011,2044
2011-08-18,1,84,67,76.0,60,66.0,0.0,11.0,502,1849,0.0,29.23,29.96,2.3,4,5.2,18,230,33,8,2011,2044
2011-08-18,2,85,71,78.0,62,67.0,0.0,13.0,502,1849,0.0,29.28,29.94,2.8,7,5.2,18,230,33,8,2011,2044
2011-08-19,1,87,64,76.0,63,68.0,0.0,11.0,503,1848,0.0,29.18,29.89,3.3,14,5.2,19,231,33,8,2011,2044
2011-08-19,2,86,67,77.0,62,68.0,0.0,12.0,503,1848,0.0,29.23,29.87,4.7,13,5.8,19,231,33,8,2011,2044
2011-08-20,1,80,66,73.0,67,69.0,0.0,8.0,504,1846,1.11,29.22,29.92,1.3,21,3.4,20,232,33,8,2011,2044
2011-08-20,2,79,68,74.0,67,69.0,0.0,9.0,504,1846,0.39,29.28,29.9,2.0,16,4.9,20,232,33,8,2011,2044
2011-08-21,1,80,64,72.0,58,63.0,0.0,7.0,505,1845,0.001,29.26,29.97,8.0,32,8.5,21,233,33,8,2011,2044
2011-08-21,2,81,66,74.0,58,64.0,0.0,9.0,505,1845,0.01,29.32,29.95,7.0,32,7.6,21,233,33,8,2011,2044
2011-08-22,1,82,59,71.0,59,64.0,0.0,6.0,506,1843,0.0,29.3,30.02,1.6,26,4.1,22,234,34,8,2011,2045
2011-08-22,2,82,61,72.0,59,64.0,0.0,7.0,506,1843,0.0,29.36,30.01,0.7,8,3.5,22,234,34,8,2011,2045
2011-08-23,1,73,62,68.0,63,65.0,0.0,3.0,508,1842,0.65,29.1,29.86,9.1,20,9.8,23,235,34,8,2011,2045
2011-08-23,2,74,66,70.0,62,65.0,0.0,5.0,508,1842,0.4,29.18,29.86,8.4,20,9.5,23,235,34,8,2011,2045
2011-08-24,1,92,69,81.0,65,70.0,0.0,16.0,509,1840,0.0,28.99,29.7,8.2,27,10.7,24,236,34,8,2011,2045
2011-08-24,2,91,70,81.0,65,70.0,0.0,16.0,509,1840,0.0,29.05,29.68,8.1,25,11.0,24,236,34,8,2011,2045
2011-08-25,1,83,64,74.0,59,64.0,0.0,9.0,510,1839,0.0,29.26,29.95,4.1,36,7.3,25,237,34,8,2011,2045
2011-08-25,2,80,65,73.0,59,64.0,0.0,8.0,510,1839,0.0,29.33,29.93,3.1,2,7.0,25,237,34,8,2011,2045
2011-08-26,1,83,59,71.0,58,63.0,0.0,6.0,511,1837,0.0,29.26,29.98,1.9,26,3.3,26,238,34,8,2011,2045
2011-08-26,2,83,61,72.0,58,64.0,0.0,7.0,511,1837,0.0,29.32,29.97,1.2,20,3.4,26,238,34,8,2011,2045
2011-08-27,1,81,64,73.0,62,66.0,0.0,8.0,512,1835,0.0,29.21,29.93,8.2,2,9.2,27,239,34,8,2011,2045
2011-08-27,2,83,67,75.0,61,66.0,0.0,10.0,512,1835,0.0,29.26,29.91,8.1,1,9.3,27,239,34,8,2011,2045
2011-08-28,1,77,61,69.0,57,61.0,0.0,4.0,513,1834,0.0,29.22,29.93,7.0,2,7.9,28,240,34,8,2011,2045
2011-08-28,2,77,61,69.0,55,61.0,0.0,4.0,513,1834,0.0,29.26,29.91,8.5,1,9.2,28,240,34,8,2011,2045
2011-08-29,1,79,59,69.0,56,62.0,0.0,4.0,514,1832,0.0,29.31,30.01,1.4,2,3.5,29,241,35,8,2011,2046
2011-08-29,2,78,61,70.0,57,62.0,0.0,5.0,514,1832,0.0,29.36,30.0,1.1,6,4.2,29,241,35,8,2011,2046
2011-08-30,1,76,61,69.0,56,62.0,0.0,4.0,515,1831,0.04,29.33,30.03,5.3,15,6.3,30,242,35,8,2011,2046
2011-08-30,2,79,64,72.0,54,61.0,0.0,7.0,515,1831,0.02,29.38,30.02,5.9,15,6.8,30,242,35,8,2011,2046
2011-08-31,1,87,65,76.0,64,68.0,0.0,11.0,516,1829,0.001,29.23,29.95,5.4,17,8.3,31,243,35,8,2011,2046
2011-08-31,2,88,65,77.0,64,69.0,0.0,12.0,516,1829,0.05,29.29,29.94,5.4,17,7.4,31,243,35,8,2011,2046
2011-09-01,1,93,71,82.0,71,75.0,0.0,17.0,517,1827,0.0,29.2,29.91,5.2,21,5.9,1,244,35,9,2011,2046
2011-09-01,2,94,74,84.0,70,75.0,0.0,19.0,517,1827,0.0,29.26,29.89,5.8,21,6.3,1,244,35,9,2011,2046
2011-09-02,1,92,76,84.0,69,74.0,0.0,19.0,518,1826,0.0,29.18,29.89,4.9,22,7.4,2,245,35,9,2011,2046
2011-09-02,2,94,79,87.0,69,74.0,0.0,22.0,518,1826,0.001,29.24,29.87,4.0,20,6.6,2,245,35,9,2011,2046
2011-09-03,1,89,69,79.0,67,71.0,0.0,14.0,519,1824,0.02,29.16,29.87,2.5,29,6.2,3,246,35,9,2011,2046
2011-09-03,2,87,71,79.0,68,71.0,0.0,14.0,519,1824,0.15,29.21,29.85,1.2,20,5.7,3,246,35,9,2011,2046
2011-09-04,1,73,58,66.0,54,60.0,0.0,1.0,520,1822,0.0,29.24,29.94,10.5,32,11.5,4,247,35,9,2011,2046
2011-09-04,2,74,60,67.0,55,61.0,0.0,2.0,520,1822,0.001,29.29,29.92,10.7,32,11.5,4,247,35,9,2011,2046
2011-09-05,1,65,52,59.0,45,52.0,6.0,0.0,521,1821,0.0,29.39,30.1,14.2,1,14.8,5,248,36,9,2011,2047
2011-09-05,2,67,53,60.0,46,53.0,5.0,0.0,521,1821,0.001,29.43,30.07,15.9,36,16.6,5,248,36,9,2011,2047
2011-09-06,1,66,51,59.0,46,52.0,6.0,0.0,522,1819,0.0,29.44,30.16,9.5,3,10.1,6,249,36,9,2011,2047
2011-09-06,2,66,57,62.0,47,54.0,3.0,0.0,522,1819,0.0,29.49,30.14,13.8,4,14.3,6,249,36,9,2011,2047
2011-09-07,1,70,52,61.0,47,54.0,4.0,0.0,523,1817,0.0,29.42,30.16,10.2,1,10.8,7,250,36,9,2011,2047
2011-09-07,2,70,58,64.0,47,55.0,1.0,0.0,523,1817,0.0,29.47,30.13,12.4,2,13.3,7,250,36,9,2011,2047
2011-09-08,1,75,57,66.0,53,59.0,0.0,1.0,524,1815,0.001,29.34,29.97,13.0,2,13.4,8,251,36,9,2011,2047
2011-09-08,2,74,62,68.0,54,59.0,0.0,3.0,524,1815,0.06,29.36,30.03,14.9,2,15.2,8,251,36,9,2011,2047
2011-09-09,1,72,60,66.0,60,62.0,0.0,1.0,525,1814,0.02,29.23,29.96,8.2,4,8.3,9,252,36,9,2011,2047
2011-09-09,2,72,64,68.0,61,63.0,0.0,3.0,525,1814,0.11,29.28,29.94,7.9,4,8.4,9,252,36,9,2011,2047
2011-09-10,1,78,56,67.0,59,62.0,0.0,2.0,526,1812,0.0,29.29,30.0,0.9,14,3.1,10,253,36,9,2011,2047
2011-09-10,2,76,58,67.0,60,63.0,0.0,2.0,526,1812,0.01,29.34,29.99,0.9,14,2.0,10,253,36,9,2011,2047
2011-09-11,1,83,57,70.0,59,63.0,0.0,5.0,527,1810,0.0,29.27,29.99,5.1,27,5.5,11,254,36,9,2011,2047
2011-09-11,2,83,60,72.0,59,64.0,0.0,7.0,527,1810,0.0,29.33,29.98,4.3,25,4.7,11,254,36,9,2011,2047
2011-09-12,1,86,64,75.0,59,65.0,0.0,10.0,528,1809,0.0,29.18,29.91,10.5,23,10.9,12,255,37,9,2011,2048
2011-09-12,2,86,64,75.0,59,65.0,0.0,10.0,528,1809,0.0,29.24,29.9,9.2,23,9.3,12,255,37,9,2011,2048
2011-09-13,1,73,56,65.0,54,59.0,0.0,0.0,529,1807,0.0,29.2,29.9,4.9,31,8.7,13,256,37,9,2011,2048
2011-09-13,2,76,58,67.0,55,61.0,0.0,2.0,529,1807,0.0,29.26,29.89,3.4,31,7.8,13,256,37,9,2011,2048
2011-09-14,1,58,47,53.0,43,49.0,12.0,0.0,530,1805,0.08,29.39,30.09,6.3,34,7.3,14,257,37,9,2011,2048
2011-09-14,2,60,48,54.0,45,51.0,11.0,0.0,530,1805,0.001,29.47,29.97,6.0,32,8.1,14,257,37,9,2011,2048
2011-09-15,1,59,42,51.0,35,44.0,14.0,0.0,531,1803,0.0,29.61,30.33,7.4,1,8.5,15,258,37,9,2011,2048
2011-09-15,2,60,44,52.0,36,45.0,13.0,0.0,531,1803,0.0,29.67,30.32,7.2,36,9.0,15,258,37,9,2011,2048
2011-09-16,1,58,46,52.0,40,47.0,13.0,0.0,532,1760,0.0,29.59,30.33,1.4,8,3.3,16,259,37,9,2011,2048
2011-09-16,2,59,48,54.0,38,47.0,11.0,0.0,532,1760,0.0,29.65,30.33,2.6,13,3.7,16,259,37,9,2011,2048
2011-09-17,1,68,50,59.0,45,52.0,6.0,0.0,533,1758,0.0,29.53,30.27,7.7,11,8.9,17,260,37,9,2011,2048
2011-09-17,2,69,52,61.0,44,52.0,4.0,0.0,533,1758,0.0,29.59,30.27,8.7,11,9.6,17,260,37,9,2011,2048
2011-09-18,1,65,55,60.0,55,57.0,5.0,0.0,535,1756,0.43,29.34,30.11,8.9,15,9.5,18,261,37,9,2011,2048
2011-09-18,2,66,56,61.0,54,57.0,4.0,0.0,535,1756,0.34,29.41,30.11,7.4,14,8.0,18,261,37,9,2011,2048
2011-09-19,1,69,54,62.0,58,60.0,3.0,0.0,536,1755,0.24,29.24,29.96,4.1,29,5.8,19,262,38,9,2011,2049
2011-09-19,2,68,56,62.0,58,60.0,3.0,0.0,536,1755,0.41,29.3,29.96,3.8,26,5.8,19,262,38,9,2011,2049
2011-09-20,1,74,49,62.0,54,58.0,3.0,0.0,537,1753,0.0,29.26,29.97,7.3,18,7.3,20,263,38,9,2011,2049
2011-09-20,2,75,53,64.0,54,58.0,1.0,0.0,537,1753,0.01,29.33,29.99,5.8,17,6.1,20,263,38,9,2011,2049
2011-09-21,1,71,56,64.0,49,56.0,1.0,0.0,538,1751,0.001,29.23,29.95,10.2,25,11.0,21,264,38,9,2011,2049
2011-09-21,2,72,57,65.0,49,56.0,0.0,0.0,538,1751,0.001,29.29,29.94,9.4,24,10.3,21,264,38,9,2011,2049
2011-09-22,1,64,51,58.0,47,52.0,7.0,0.0,539,1749,0.0,29.36,30.08,4.6,27,6.9,22,265,38,9,2011,2049
2011-09-22,2,63,53,58.0,47,52.0,7.0,0.0,539,1749,0.0,29.42,30.08,6.5,25,7.2,22,265,38,9,2011,2049
2011-09-23,1,62,48,55.0,44,49.0,10.0,0.0,540,1748,0.0,29.33,30.06,5.9,36,7.0,23,266,38,9,2011,2049
2011-09-23,2,62,48,55.0,46,51.0,10.0,0.0,540,1748,0.02,29.38,30.05,4.1,36,6.4,23,266,38,9,2011,2049
2011-09-24,1,62,51,57.0,49,51.0,8.0,0.0,541,1746,0.14,29.26,29.99,3.6,3,4.6,24,267,38,9,2011,2049
2011-09-24,2,63,51,57.0,48,52.0,8.0,0.0,541,1746,0.07,29.31,29.98,2.9,4,5.3,24,267,38,9,2011,2049
2011-09-25,1,64,51,58.0,53,55.0,7.0,0.0,542,1744,0.08,29.13,29.87,4.1,14,5.5,25,268,38,9,2011,2049
2011-09-25,2,65,53,59.0,53,55.0,6.0,0.0,542,1744,0.23,29.18,29.87,4.7,13,5.8,25,268,38,9,2011,2049
2011-09-26,1,60,53,57.0,51,53.0,8.0,0.0,543,1742,1.21,28.92,29.65,8.8,18,15.4,26,269,39,9,2011,2050
2011-09-26,2,63,53,58.0,50,53.0,7.0,0.0,543,1742,0.9,28.98,29.65,8.1,19,12.4,26,269,39,9,2011,2050
2011-09-27,1,63,54,59.0,53,55.0,6.0,0.0,544,1741,0.31,29.0,29.71,4.3,6,8.3,27,270,39,9,2011,2050
2011-09-27,2,63,54,59.0,53,55.0,6.0,0.0,544,1741,0.25,29.05,29.7,2.4,5,7.1,27,270,39,9,2011,2050
2011-09-28,1,63,53,58.0,54,55.0,7.0,0.0,545,1739,0.77,29.07,29.78,6.5,32,7.0,28,271,39,9,2011,2050
2011-09-28,2,64,53,59.0,54,55.0,6.0,0.0,545,1739,0.15,29.12,29.77,5.7,32,6.7,28,271,39,9,2011,2050
2011-09-29,1,66,49,58.0,51,53.0,7.0,0.0,546,1737,0.06,28.98,29.7,11.7,28,13.5,29,272,39,9,2011,2050
2011-09-29,2,66,51,59.0,50,54.0,6.0,0.0,546,1737,0.09,29.03,29.7,11.2,27,12.7,29,272,39,9,2011,2050
2011-09-30,1,57,45,51.0,41,47.0,14.0,0.0,547,1735,0.09,29.32,30.01,14.6,34,15.0,30,273,39,9,2011,2050
2011-09-30,2,58,47,53.0,42,47.0,12.0,0.0,547,1735,0.17,29.37,30.0,15.4,34,16.3,30,273,39,9,2011,2050
2011-10-01,1,56,42,49.0,40,45.0,16.0,0.0,548,1734,0.001,29.53,30.26,9.6,36,10.3,1,274,39,10,2011,2050
2011-10-01,2,56,44,50.0,40,45.0,15.0,0.0,548,1734,0.001,29.59,30.26,10.7,35,11.2,1,274,39,10,2011,2050
2011-10-02,1,66,41,54.0,38,46.0,11.0,0.0,549,1732,0.0,29.47,30.22,4.7,32,5.4,2,275,39,10,2011,2050
2011-10-02,2,65,41,53.0,39,46.0,12.0,0.0,549,1732,0.0,29.54,30.22,4.1,32,4.6,2,275,39,10,2011,2050
2011-10-03,1,69,44,57.0,45,50.0,8.0,0.0,550,1730,0.0,29.48,30.21,3.4,3,5.0,3,276,40,10,2011,2051
2011-10-03,2,70,45,58.0,44,50.0,7.0,0.0,550,1730,0.0,29.54,30.2,3.6,2,4.1,3,276,40,10,2011,2051
2011-10-04,1,76,43,60.0,47,52.0,5.0,0.0,552,1729,0.0,29.52,30.25,1.1,16,2.3,4,277,40,10,2011,2051
2011-10-04,2,74,46,60.0,47,53.0,5.0,0.0,552,1729,0.0,29.58,30.25,0.7,15,1.7,4,277,40,10,2011,2051
2011-10-05,1,80,49,65.0,48,55.0,0.0,0.0,553,1727,0.0,29.49,30.22,1.9,18,3.2,5,278,40,10,2011,2051
2011-10-05,2,80,52,66.0,47,55.0,0.0,1.0,553,1727,0.0,29.55,30.21,1.3,17,2.9,5,278,40,10,2011,2051
2011-10-06,1,81,50,66.0,51,58.0,0.0,1.0,554,1725,0.0,29.5,30.23,3.8,15,4.6,6,279,40,10,2011,2051
2011-10-06,2,81,56,69.0,50,58.0,0.0,4.0,554,1725,0.0,29.57,30.22,3.9,15,4.6,6,279,40,10,2011,2051
2011-10-07,1,84,54,69.0,53,59.0,0.0,4.0,555,1724,0.0,29.52,30.25,7.5,18,7.7,7,280,40,10,2011,2051
2011-10-07,2,84,59,72.0,51,59.0,0.0,7.0,555,1724,0.0,29.59,30.24,6.4,17,6.8,7,280,40,10,2011,2051
2011-10-08,1,82,54,68.0,54,60.0,0.0,3.0,556,1722,0.0,29.56,30.27,7.2,19,7.6,8,281,40,10,2011,2051
2011-10-08,2,82,61,72.0,53,60.0,0.0,7.0,556,1722,0.0,29.62,30.27,6.3,19,6.9,8,281,40,10,2011,2051
2011-10-09,1,80,52,66.0,51,58.0,0.0,1.0,557,1720,0.0,29.55,30.29,2.8,9,3.8,9,282,40,10,2011,2051
2011-10-09,2,80,56,68.0,51,58.0,0.0,3.0,557,1720,0.0,29.62,30.28,3.1,10,3.8,9,282,40,10,2011,2051
2011-10-10,1,76,54,65.0,51,57.0,0.0,0.0,558,1719,0.0,29.39,30.13,5.2,16,6.0,10,283,41,10,2011,2052
2011-10-10,2,77,58,68.0,49,58.0,0.0,3.0,558,1719,0.0,29.45,30.12,5.9,16,6.4,10,283,41,10,2011,2052
2011-10-11,1,79,57,68.0,54,60.0,0.0,3.0,559,1717,0.0,29.23,29.97,4.1,15,4.9,11,284,41,10,2011,2052
2011-10-11,2,78,58,68.0,52,59.0,0.0,3.0,559,1717,0.0,29.29,29.97,3.8,13,4.6,11,284,41,10,2011,2052
2011-10-12,1,78,55,67.0,52,58.0,0.0,2.0,600,1715,0.0,29.03,29.77,7.0,14,8.1,12,285,41,10,2011,2052
2011-10-12,2,77,57,67.0,51,58.0,0.0,2.0,600,1715,0.0,29.08,29.76,6.0,14,6.8,12,285,41,10,2011,2052
2011-10-13,1,66,52,59.0,55,58.0,6.0,0.0,602,1714,0.28,28.81,29.54,4.3,26,7.0,13,286,41,10,2011,2052
2011-10-13,2,64,52,58.0,55,57.0,7.0,0.0,602,1714,0.49,28.87,29.53,2.8,24,6.0,13,286,41,10,2011,2052
2011-10-14,1,62,48,55.0,41,48.0,10.0,0.0,603,1712,0.0,28.9,29.6,15.4,28,15.6,14,287,41,10,2011,2052
2011-10-14,2,61,49,55.0,41,48.0,10.0,0.0,603,1712,0.0,28.97,29.61,15.1,27,15.3,14,287,41,10,2011,2052
2011-10-15,1,62,47,55.0,36,46.0,10.0,0.0,604,1711,0.0,29.1,29.8,14.8,27,15.3,15,288,41,10,2011,2052
2011-10-15,2,61,47,54.0,36,46.0,11.0,0.0,604,1711,0.0,29.18,29.81,14.9,26,15.1,15,288,41,10,2011,2052
2011-10-16,1,62,48,55.0,39,46.0,10.0,0.0,605,1709,0.17,29.08,29.81,7.4,28,8.5,16,289,41,10,2011,2052
2011-10-16,2,60,46,53.0,39,46.0,12.0,0.0,605,1709,0.12,29.15,29.81,6.7,26,8.1,16,289,41,10,2011,2052
2011-10-17,1,59,41,50.0,33,42.0,15.0,0.0,606,1707,0.0,29.11,29.85,10.2,26,10.4,17,290,42,10,2011,2053
2011-10-17,2,57,40,49.0,33,42.0,16.0,0.0,606,1707,0.0,29.18,29.86,11.2,25,11.3,17,290,42,10,2011,2053
2011-10-18,1,54,41,48.0,37,43.0,17.0,0.0,607,1706,0.06,29.09,29.83,6.4,1,8.5,18,291,42,10,2011,2053
2011-10-18,2,54,40,47.0,38,43.0,18.0,0.0,607,1706,0.02,29.15,29.83,5.3,36,7.2,18,291,42,10,2011,2053
2011-10-19,1,49,44,47.0,40,44.0,18.0,0.0,608,1704,0.85,28.93,29.69,17.1,36,18.0,19,292,42,10,2011,2053
2011-10-19,2,49,44,47.0,41,44.0,18.0,0.0,608,1704,0.84,28.97,29.67,19.6,1,19.9,19,292,42,10,2011,2053
2011-10-20,1,47,43,45.0,37,42.0,20.0,0.0,610,1703,0.08,29.0,29.69,15.8,32,16.1,20,293,42,10,2011,2053
2011-10-20,2,46,42,44.0,38,42.0,21.0,0.0,610,1703,0.07,29.05,29.69,14.4,31,14.9,20,293,42,10,2011,2053
2011-10-21,1,55,38,47.0,34,41.0,18.0,0.0,611,1701,0.0,29.32,30.03,4.6,29,5.4,21,294,42,10,2011,2053
2011-10-21,2,54,37,46.0,34,41.0,19.0,0.0,611,1701,0.0,29.39,30.04,4.3,28,5.7,21,294,42,10,2011,2053
2011-10-22,1,66,34,50.0,37,44.0,15.0,0.0,612,1660,0.0,29.28,30.02,3.2,23,3.7,22,295,42,10,2011,2053
2011-10-22,2,66,38,52.0,37,45.0,13.0,0.0,612,1660,0.0,29.35,30.03,3.7,21,3.9,22,295,42,10,2011,2053
2011-10-23,1,68,38,53.0,41,48.0,12.0,0.0,613,1658,0.2,29.19,29.93,6.1,22,6.9,23,296,42,10,2011,2053
2011-10-23,2,67,41,54.0,42,49.0,11.0,0.0,613,1658,0.22,29.25,29.94,5.9,23,6.9,23,296,42,10,2011,2053
2011-10-24,1,63,45,54.0,39,46.0,11.0,0.0,614,1657,0.0,29.34,30.05,5.7,28,7.3,24,297,43,10,2011,2054
2011-10-24,2,63,45,54.0,39,47.0,11.0,0.0,614,1657,0.06,29.41,30.05,5.0,27,7.1,24,297,43,10,2011,2054
2011-10-25,1,74,45,60.0,46,53.0,5.0,0.0,616,1656,0.02,29.11,29.86,7.6,19,11.9,25,298,43,10,2011,2054
2011-10-25,2,74,49,62.0,45,53.0,3.0,0.0,616,1656,0.13,29.19,29.87,9.0,19,10.8,25,298,43,10,2011,2054
2011-10-26,1,53,47,50.0,42,46.0,15.0,0.0,617,1654,0.0,29.19,29.91,12.4,36,12.6,26,299,43,10,2011,2054
2011-10-26,2,54,47,51.0,42,46.0,14.0,0.0,617,1654,0.0,29.24,29.9,13.9,36,14.2,26,299,43,10,2011,2054
2011-10-27,1,53,39,46.0,37,42.0,19.0,0.0,618,1653,0.12,29.34,30.04,3.6,35,5.8,27,300,43,10,2011,2054
2011-10-27,2,51,38,45.0,38,42.0,20.0,0.0,618,1653,0.16,29.4,30.05,3.5,1,6.9,27,300,43,10,2011,2054
2011-10-28,1,55,35,45.0,33,40.0,20.0,0.0,619,1651,0.03,29.36,30.1,4.9,22,5.6,28,301,43,10,2011,2054
2011-10-28,2,54,36,45.0,32,40.0,20.0,0.0,619,1651,0.0,29.43,30.12,5.2,21,5.7,28,301,43,10,2011,2054
2011-10-29,1,55,34,45.0,30,38.0,20.0,0.0,620,1650,0.0,29.34,30.07,4.6,28,5.2,29,302,43,10,2011,2054
2011-10-29,2,54,36,45.0,29,38.0,20.0,0.0,620,1650,0.0,29.4,30.08,3.8,26,4.8,29,302,43,10,2011,2054
2011-10-30,1,57,33,45.0,36,41.0,20.0,0.0,622,1649,0.17,29.27,30.02,10.6,19,11.1,30,303,43,10,2011,2054
2011-10-30,2,57,37,47.0,34,42.0,18.0,0.0,622,1649,0.11,29.34,30.03,10.6,19,11.2,30,303,43,10,2011,2054
2011-10-31,1,53,36,45.0,36,40.0,20.0,0.0,623,1647,0.0,29.34,30.06,3.9,25,4.8,31,304,44,10,2011,2055
2011-10-31,2,53,39,46.0,35,41.0,19.0,0.0,623,1647,0.0,29.41,30.08,4.4,24,5.1,31,304,44,10,2011,2055
2012-05-01,1,65,49,57.0,52,55.0,8.0,0.0,448,1849,0.09,29.18,29.92,6.2,12,7.7,1,122,18,5,2012,2030
2012-05-01,2,64,52,58.0,53,56.0,7.0,0.0,448,1849,0.32,29.24,29.92,5.5,12,6.3,1,122,18,5,2012,2030
2012-05-02,1,80,58,69.0,60,64.0,0.0,4.0,447,1850,0.0,29.12,29.84,8.1,21,10.1,2,123,18,5,2012,2030
2012-05-02,2,78,60,69.0,60,64.0,0.0,4.0,447,1850,0.001,29.19,29.83,7.5,20,9.6,2,123,18,5,2012,2030
2012-05-03,1,86,66,76.0,65,69.0,0.0,11.0,446,1851,1.34,29.16,29.86,10.8,21,12.0,3,124,18,5,2012,2030
2012-05-03,2,86,69,78.0,64,69.0,0.0,13.0,446,1851,0.07,29.23,29.86,12.8,21,13.3,3,124,18,5,2012,2030
2012-05-04,1,73,55,64.0,55,58.0,1.0,0.0,444,1852,0.28,29.23,29.94,5.2,5,9.2,4,125,18,5,2012,2030
2012-05-04,2,72,51,62.0,55,58.0,3.0,0.0,444,1852,0.28,29.28,29.93,6.8,2,10.0,4,125,18,5,2012,2030
2012-05-05,1,60,52,56.0,52,54.0,9.0,0.0,443,1853,0.001,29.29,30.01,8.0,4,8.3,5,126,18,5,2012,2030
2012-05-05,2,63,53,58.0,54,56.0,7.0,0.0,443,1853,0.0,29.34,30.0,7.4,2,7.7,5,126,18,5,2012,2030
2012-05-06,1,70,51,61.0,53,56.0,4.0,0.0,442,1855,0.8,29.22,29.94,5.0,6,8.5,6,127,18,5,2012,2030
2012-05-06,2,73,54,64.0,54,57.0,1.0,0.0,442,1855,0.4,29.27,29.92,3.4,6,7.2,6,127,18,5,2012,2030
2012-05-07,1,64,52,58.0,55,57.0,7.0,0.0,441,1856,0.47,29.15,29.87,2.3,34,5.4,7,128,19,5,2012,2031
2012-05-07,2,61,54,58.0,56,57.0,7.0,0.0,441,1856,0.59,29.2,29.86,1.4,5,5.1,7,128,19,5,2012,2031
2012-05-08,1,70,52,61.0,45,53.0,4.0,0.0,439,1857,0.0,29.13,29.86,8.3,28,8.9,8,129,19,5,2012,2031
2012-05-08,2,70,51,61.0,45,53.0,4.0,0.0,439,1857,0.01,29.2,29.85,8.4,27,8.9,8,129,19,5,2012,2031
2012-05-09,1,60,47,54.0,43,49.0,11.0,0.0,438,1858,0.06,29.2,29.92,4.2,1,7.6,9,130,19,5,2012,2031
2012-05-09,2,60,46,53.0,43,48.0,12.0,0.0,438,1858,0.001,29.26,29.91,3.9,36,7.8,9,130,19,5,2012,2031
2012-05-10,1,67,46,57.0,34,46.0,8.0,0.0,437,1859,0.0,29.29,30.0,3.2,5,7.5,10,131,19,5,2012,2031
2012-05-10,2,65,45,55.0,33,46.0,10.0,0.0,437,1859,0.0,29.35,30.0,2.8,4,5.9,10,131,19,5,2012,2031
2012-05-11,1,78,43,61.0,40,52.0,4.0,0.0,436,1860,0.0,29.36,30.08,9.3,20,9.5,11,132,19,5,2012,2031
2012-05-11,2,78,48,63.0,38,52.0,2.0,0.0,436,1860,0.0,29.44,30.08,9.3,20,9.8,11,132,19,5,2012,2031
2012-05-12,1,69,53,61.0,42,51.0,4.0,0.0,435,1901,0.03,29.51,30.22,5.7,3,9.3,12,133,19,5,2012,2031
2012-05-12,2,67,51,59.0,45,51.0,6.0,0.0,435,1901,0.25,29.57,30.21,5.4,2,8.8,12,133,19,5,2012,2031
2012-05-13,1,72,50,61.0,31,48.0,4.0,0.0,434,1902,0.0,29.45,30.18,7.4,4,7.8,13,134,19,5,2012,2031
2012-05-13,2,69,53,61.0,33,48.0,4.0,0.0,434,1902,0.0,29.51,30.18,8.4,2,9.1,13,134,19,5,2012,2031
2012-05-14,1,82,43,63.0,36,51.0,2.0,0.0,433,1903,0.0,29.31,30.05,2.5,19,5.2,14,135,20,5,2012,2032
2012-05-14,2,78,46,62.0,36,51.0,3.0,0.0,433,1903,0.0,29.38,30.05,1.8,14,4.5,14,135,20,5,2012,2032
2012-05-15,1,86,57,72.0,45,57.0,0.0,7.0,432,1904,0.05,29.18,29.9,6.9,25,12.6,15,136,20,5,2012,2032
2012-05-15,2,84,56,70.0,44,56.0,0.0,5.0,432,1904,0.001,29.24,29.9,9.1,24,11.8,15,136,20,5,2012,2032
2012-05-16,1,65,50,58.0,33,46.0,7.0,0.0,431,1905,0.0,29.38,30.09,9.6,5,10.5,16,137,20,5,2012,2032
2012-05-16,2,63,52,58.0,33,46.0,7.0,0.0,431,1905,0.0,29.44,30.08,11.6,4,12.6,16,137,20,5,2012,2032
2012-05-17,1,74,45,60.0,39,50.0,5.0,0.0,430,1906,0.0,29.38,30.1,5.3,11,5.8,17,138,20,5,2012,2032
2012-05-17,2,71,49,60.0,40,51.0,5.0,0.0,430,1906,0.0,29.44,30.1,5.3,11,6.1,17,138,20,5,2012,2032
2012-05-18,1,85,53,69.0,41,54.0,0.0,4.0,429,1907,0.0,29.29,30.02,8.7,16,9.2,18,139,20,5,2012,2032
2012-05-18,2,85,57,71.0,38,54.0,0.0,6.0,429,1907,0.0,29.36,30.02,7.4,15,8.4,18,139,20,5,2012,2032
2012-05-19,1,92,59,76.0,53,62.0,0.0,11.0,428,1908,0.0,29.29,30.0,8.2,17,9.1,19,140,20,5,2012,2032
2012-05-19,2,91,64,78.0,52,62.0,0.0,13.0,428,1908,0.0,29.35,29.99,7.3,16,8.6,19,140,20,5,2012,2032
2012-05-20,1,93,65,79.0,57,65.0,0.0,14.0,427,1909,0.14,29.28,29.98,8.2,22,11.6,20,141,20,5,2012,2032
2012-05-20,2,92,65,79.0,57,65.0,0.0,14.0,427,1909,0.14,29.34,29.97,9.4,21,10.9,20,141,20,5,2012,2032
2012-05-21,1,67,54,61.0,44,52.0,4.0,0.0,426,1910,0.0,29.39,30.11,11.6,1,12.6,21,142,21,5,2012,2033
2012-05-21,2,65,54,60.0,44,52.0,5.0,0.0,426,1910,0.0,29.44,30.1,12.5,36,13.6,21,142,21,5,2012,2033
2012-05-22,1,71,50,61.0,41,51.0,4.0,0.0,425,1911,0.0,29.28,30.02,6.1,5,7.2,22,143,21,5,2012,2033
2012-05-22,2,68,49,59.0,42,51.0,6.0,0.0,425,1911,0.0,29.34,30.01,5.9,4,7.9,22,143,21,5,2012,2033
2012-05-23,1,82,47,65.0,42,54.0,0.0,0.0,425,1912,0.0,29.1,29.84,6.6,16,6.9,23,144,21,5,2012,2033
2012-05-23,2,82,49,66.0,41,54.0,0.0,1.0,425,1912,0.0,29.16,29.84,5.9,16,6.6,23,144,21,5,2012,2033
2012-05-24,1,90,64,77.0,53,63.0,0.0,12.0,424,1913,0.0,28.97,29.69,17.5,18,17.7,24,145,21,5,2012,2033
2012-05-24,2,90,67,79.0,52,63.0,0.0,14.0,424,1913,0.0,29.04,29.68,15.1,18,15.2,24,145,21,5,2012,2033
2012-05-25,1,83,65,74.0,49,59.0,0.0,9.0,423,1914,0.0,29.31,29.98,3.4,3,10.0,25,146,21,5,2012,2033
2012-05-25,2,80,67,74.0,49,59.0,0.0,9.0,423,1914,0.0,29.36,29.96,4.3,5,10.8,25,146,21,5,2012,2033
2012-05-26,1,86,60,73.0,54,61.0,0.0,8.0,422,1915,0.001,29.37,30.07,9.6,7,11.2,26,147,21,5,2012,2033
2012-05-26,2,82,63,73.0,54,62.0,0.0,8.0,422,1915,0.0,29.41,30.05,10.4,7,11.3,26,147,21,5,2012,2033
2012-05-27,1,97,70,84.0,59,68.0,0.0,19.0,422,1916,0.0,29.16,29.9,8.7,18,10.1,27,148,21,5,2012,2033
2012-05-27,2,97,73,85.0,58,68.0,0.0,20.0,422,1916,0.0,29.23,29.88,9.4,18,10.7,27,148,21,5,2012,2033
2012-05-28,1,95,77,86.0,60,69.0,0.0,21.0,421,1916,0.001,29.03,29.75,13.4,22,14.0,28,149,22,5,2012,2034
2012-05-28,2,94,74,84.0,60,68.0,0.0,19.0,421,1916,0.02,29.1,29.74,14.2,22,14.9,28,149,22,5,2012,2034
2012-05-29,1,85,61,73.0,46,59.0,0.0,8.0,421,1917,0.0,29.1,29.81,11.1,28,12.2,29,150,22,5,2012,2034
2012-05-29,2,85,64,75.0,45,59.0,0.0,10.0,421,1917,0.001,29.16,29.79,10.2,28,11.5,29,150,22,5,2012,2034
2012-05-30,1,70,53,62.0,46,53.0,3.0,0.0,420,1918,0.0,29.22,29.91,5.4,36,9.6,30,151,22,5,2012,2034
2012-05-30,2,69,53,61.0,46,53.0,4.0,0.0,420,1918,0.0,29.28,29.9,5.9,36,10.4,30,151,22,5,2012,2034
2012-05-31,1,54,47,51.0,45,48.0,14.0,0.0,420,1919,1.12,29.2,29.95,10.3,4,11.0,31,152,22,5,2012,2034
2012-05-31,2,55,49,52.0,45,48.0,13.0,0.0,420,1919,0.97,29.25,29.94,12.4,3,13.0,31,152,22,5,2012,2034
2012-06-01,1,65,49,57.0,43,49.0,8.0,0.0,419,1920,0.01,29.07,29.8,7.3,36,9.9,1,153,22,6,2012,2034
2012-06-01,2,64,49,57.0,44,49.0,8.0,0.0,419,1920,0.03,29.12,29.79,9.0,36,10.8,1,153,22,6,2012,2034
2012-06-02,1,76,49,63.0,46,55.0,2.0,0.0,419,1920,0.0,29.03,29.75,10.6,26,10.8,2,154,22,6,2012,2034
2012-06-02,2,74,49,62.0,47,55.0,3.0,0.0,419,1920,0.0,29.1,29.75,11.7,25,12.2,2,154,22,6,2012,2034
2012-06-03,1,81,57,69.0,48,58.0,0.0,4.0,418,1921,0.001,29.1,29.81,9.5,28,9.7,3,155,22,6,2012,2034
2012-06-03,2,80,56,68.0,48,58.0,0.0,3.0,418,1921,0.001,29.16,29.8,8.6,27,9.5,3,155,22,6,2012,2034
2012-06-04,1,75,59,67.0,47,56.0,0.0,2.0,418,1922,0.001,29.18,29.89,7.5,4,8.2,4,156,23,6,2012,2035
2012-06-04,2,74,59,67.0,47,56.0,0.0,2.0,418,1922,0.0,29.24,29.87,7.9,2,9.1,4,156,23,6,2012,2035
2012-06-05,1,70,57,64.0,49,56.0,1.0,0.0,417,1923,0.0,29.29,30.0,8.9,4,9.2,5,157,23,6,2012,2035
2012-06-05,2,69,57,63.0,49,56.0,2.0,0.0,417,1923,0.0,29.35,29.99,9.6,3,10.1,5,157,23,6,2012,2035
2012-06-06,1,76,52,64.0,46,55.0,1.0,0.0,417,1923,0.0,29.36,30.07,6.2,4,6.5,6,158,23,6,2012,2035
2012-06-06,2,74,56,65.0,47,56.0,0.0,0.0,417,1923,0.0,29.41,30.06,5.7,3,6.0,6,158,23,6,2012,2035
2012-06-07,1,82,54,68.0,44,56.0,0.0,3.0,417,1924,0.0,29.38,30.09,2.2,10,4.5,7,159,23,6,2012,2035
2012-06-07,2,78,54,66.0,45,56.0,0.0,1.0,417,1924,0.0,29.43,30.09,3.3,9,6.0,7,159,23,6,2012,2035
2012-06-08,1,88,54,71.0,49,60.0,0.0,6.0,417,1925,0.0,29.26,29.99,7.2,25,7.7,8,160,23,6,2012,2035
2012-06-08,2,87,59,73.0,48,60.0,0.0,8.0,417,1925,0.0,29.33,29.99,6.6,23,7.2,8,160,23,6,2012,2035
2012-06-09,1,90,65,78.0,50,62.0,0.0,13.0,416,1925,0.0,29.18,29.9,9.3,22,10.1,9,161,23,6,2012,2035
2012-06-09,2,89,66,78.0,50,62.0,0.0,13.0,416,1925,0.0,29.24,29.89,9.4,22,10.4,9,161,23,6,2012,2035
2012-06-10,1,93,67,80.0,56,66.0,0.0,15.0,416,1926,0.0,29.2,29.9,11.9,19,12.3,10,162,23,6,2012,2035
2012-06-10,2,92,71,82.0,55,65.0,0.0,17.0,416,1926,0.0,29.26,29.89,10.4,18,10.8,10,162,23,6,2012,2035
2012-06-11,1,90,70,80.0,62,68.0,0.0,15.0,416,1926,0.001,29.12,29.82,8.9,23,11.1,11,163,24,6,2012,2036
2012-06-11,2,90,72,81.0,63,69.0,0.0,16.0,416,1926,0.0,29.18,29.81,9.4,22,11.1,11,163,24,6,2012,2036
2012-06-12,1,78,59,69.0,46,57.0,0.0,4.0,416,1927,0.0,29.34,30.03,7.0,33,10.5,12,164,24,6,2012,2036
2012-06-12,2,77,62,70.0,47,57.0,0.0,5.0,416,1927,0.0,29.39,30.01,6.0,34,10.9,12,164,24,6,2012,2036
2012-06-13,1,72,54,63.0,45,55.0,2.0,0.0,416,1927,0.0,29.43,30.15,7.2,8,7.5,13,165,24,6,2012,2036
2012-06-13,2,71,57,64.0,45,55.0,1.0,0.0,416,1927,0.0,29.49,30.14,8.3,8,8.4,13,165,24,6,2012,2036
2012-06-14,1,87,56,72.0,48,59.0,0.0,7.0,416,1928,0.0,29.34,30.08,7.9,13,9.0,14,166,24,6,2012,2036
2012-06-14,2,86,60,73.0,48,59.0,0.0,8.0,416,1928,0.0,29.41,30.07,7.3,12,8.4,14,166,24,6,2012,2036
2012-06-15,1,94,59,77.0,49,62.0,0.0,12.0,416,1928,0.0,29.33,30.04,8.2,16,9.7,15,167,24,6,2012,2036
2012-06-15,2,93,67,80.0,48,61.0,0.0,15.0,416,1928,0.0,29.39,30.03,7.4,15,8.6,15,167,24,6,2012,2036
2012-06-16,1,94,69,82.0,60,68.0,0.0,17.0,416,1929,0.31,29.23,29.95,10.0,20,11.3,16,168,24,6,2012,2036
2012-06-16,2,94,69,82.0,60,68.0,0.0,17.0,416,1929,0.38,29.29,29.94,11.9,19,12.7,16,168,24,6,2012,2036
2012-06-17,1,87,69,78.0,59,66.0,0.0,13.0,416,1929,0.11,29.13,29.85,5.7,23,7.1,17,169,24,6,2012,2036
2012-06-17,2,85,68,77.0,59,66.0,0.0,12.0,416,1929,0.15,29.19,29.84,5.3,23,7.8,17,169,24,6,2012,2036
2012-06-18,1,94,69,82.0,65,71.0,0.0,17.0,416,1929,0.0,29.03,29.73,16.8,21,17.2,18,170,25,6,2012,2037
2012-06-18,2,92,72,82.0,65,71.0,0.0,17.0,416,1929,0.0,29.1,29.72,16.9,21,17.3,18,170,25,6,2012,2037
2012-06-19,1,95,78,87.0,65,72.0,0.0,22.0,416,1930,0.0,29.21,29.89,14.9,21,15.5,19,171,25,6,2012,2037
2012-06-19,2,94,75,85.0,65,71.0,0.0,20.0,416,1930,0.0,29.28,29.88,13.6,20,13.9,19,171,25,6,2012,2037
2012-06-20,1,95,77,86.0,62,71.0,0.0,21.0,416,1930,0.0,29.22,29.93,15.2,21,15.4,20,172,25,6,2012,2037
2012-06-20,2,93,76,85.0,62,70.0,0.0,20.0,416,1930,0.0,29.29,29.92,14.8,20,15.0,20,172,25,6,2012,2037
2012-06-21,1,85,70,78.0,59,66.0,0.0,13.0,416,1930,0.01,29.21,29.91,7.5,27,9.8,21,173,25,6,2012,2037
2012-06-21,2,83,70,77.0,60,67.0,0.0,12.0,416,1930,0.03,29.26,29.89,7.2,26,9.4,21,173,25,6,2012,2037
2012-06-22,1,87,64,76.0,52,62.0,0.0,11.0,417,1931,0.0,29.26,29.97,2.6,34,6.6,22,174,25,6,2012,2037
2012-06-22,2,83,63,73.0,52,62.0,0.0,8.0,417,1931,0.0,29.32,29.95,1.7,5,5.4,22,174,25,6,2012,2037
2012-06-23,1,87,62,75.0,55,64.0,0.0,10.0,417,1931,0.0,29.28,30.0,3.2,8,5.7,23,175,25,6,2012,2037
2012-06-23,2,86,63,75.0,55,63.0,0.0,10.0,417,1931,0.0,29.34,29.98,3.0,8,4.8,23,175,25,6,2012,2037
2012-06-24,1,94,65,80.0,57,65.0,0.0,15.0,417,1931,0.0,29.25,29.96,3.1,4,7.0,24,176,25,6,2012,2037
2012-06-24,2,92,70,81.0,58,66.0,0.0,16.0,417,1931,0.0,29.29,29.93,1.7,3,8.2,24,176,25,6,2012,2037
2012-06-25,1,76,60,68.0,49,58.0,0.0,3.0,417,1931,0.0,29.35,30.06,13.6,4,14.0,25,177,26,6,2012,2038
2012-06-25,2,74,63,69.0,48,58.0,0.0,4.0,417,1931,0.0,29.4,30.04,15.4,3,15.7,25,177,26,6,2012,2038
2012-06-26,1,83,56,70.0,50,59.0,0.0,5.0,418,1931,0.0,29.27,30.0,3.5,9,4.9,26,178,26,6,2012,2038
2012-06-26,2,81,63,72.0,51,60.0,0.0,7.0,418,1931,0.0,29.33,29.99,5.6,9,6.7,26,178,26,6,2012,2038
2012-06-27,1,92,57,75.0,51,63.0,0.0,10.0,418,1931,0.0,29.13,29.87,12.1,20,12.4,27,179,26,6,2012,2038
2012-06-27,2,90,64,77.0,51,63.0,0.0,12.0,418,1931,0.0,29.21,29.86,11.3,20,11.6,27,179,26,6,2012,2038
2012-06-28,1,100,76,88.0,69,74.0,0.0,23.0,419,1931,0.04,29.08,29.78,6.4,26,8.4,28,180,26,6,2012,2038
2012-06-28,2,101,77,89.0,68,74.0,0.0,24.0,419,1931,0.16,29.14,29.76,8.4,25,11.2,28,180,26,6,2012,2038
2012-06-29,1,88,69,79.0,61,67.0,0.0,14.0,419,1931,0.42,29.16,29.84,2.4,4,6.9,29,181,26,6,2012,2038
2012-06-29,2,88,70,79.0,62,69.0,0.0,14.0,419,1931,0.28,29.21,29.81,1.8,35,8.3,29,181,26,6,2012,2038
2012-06-30,1,92,69,81.0,67,72.0,0.0,16.0,419,1931,0.0,29.11,29.82,6.0,24,6.6,30,182,26,6,2012,2038
2012-06-30,2,89,70,80.0,68,72.0,0.0,15.0,419,1931,0.001,29.17,29.8,6.9,23,7.4,30,182,26,6,2012,2038
2012-07-01,1,91,68,80.0,67,71.0,0.0,15.0,420,1931,0.001,29.23,29.92,3.1,23,5.4,1,183,26,7,2012,2038
2012-07-01,2,90,66,78.0,68,72.0,0.0,13.0,420,1931,0.56,29.29,29.91,2.8,22,5.6,1,183,26,7,2012,2038
2012-07-02,1,98,71,85.0,69,74.0,0.0,20.0,420,1931,0.0,29.21,29.93,4.4,23,5.2,2,184,27,7,2012,2039
2012-07-02,2,97,74,86.0,69,74.0,0.0,21.0,420,1931,0.0,29.28,29.91,5.8,23,6.3,2,184,27,7,2012,2039
2012-07-03,1,96,77,87.0,67,74.0,0.0,22.0,421,1931,0.0,29.13,29.85,9.4,25,9.9,3,185,27,7,2012,2039
2012-07-03,2,95,77,86.0,67,73.0,0.0,21.0,421,1931,0.0,29.2,29.83,9.7,23,10.1,3,185,27,7,2012,2039
2012-07-04,1,102,79,91.0,68,75.0,0.0,26.0,422,1930,0.0,29.15,29.85,9.4,25,9.6,4,186,27,7,2012,2039
2012-07-04,2,101,80,91.0,68,75.0,0.0,26.0,422,1930,0.0,29.21,29.83,8.2,25,8.9,4,186,27,7,2012,2039
2012-07-05,1,103,79,91.0,69,75.0,0.0,26.0,422,1930,0.28,29.2,29.89,5.5,24,7.5,5,187,27,7,2012,2039
2012-07-05,2,102,79,91.0,68,75.0,0.0,26.0,422,1930,0.001,29.25,29.86,4.1,26,7.0,5,187,27,7,2012,2039
2012-07-06,1,103,82,93.0,71,77.0,0.0,28.0,423,1930,0.0,29.21,29.92,6.5,27,7.3,6,188,27,7,2012,2039
2012-07-06,2,104,83,94.0,71,77.0,0.0,29.0,423,1930,0.0,29.27,29.89,4.9,28,6.9,6,188,27,7,2012,2039
2012-07-07,1,98,73,86.0,67,72.0,0.0,21.0,423,1930,0.0,29.26,29.96,7.9,2,11.9,7,189,27,7,2012,2039
2012-07-07,2,98,74,86.0,68,73.0,0.0,21.0,423,1930,0.0,29.32,29.93,7.6,1,10.8,7,189,27,7,2012,2039
2012-07-08,1,85,68,77.0,56,65.0,0.0,12.0,424,1929,0.0,29.34,30.04,11.3,3,11.5,8,190,27,7,2012,2039
2012-07-08,2,85,74,80.0,56,65.0,0.0,15.0,424,1929,0.0,29.39,30.01,12.7,3,13.1,8,190,27,7,2012,2039
2012-07-09,1,91,66,79.0,57,65.0,0.0,14.0,425,1929,0.0,29.33,30.03,4.7,5,6.8,9,191,28,7,2012,2040
2012-07-09,2,88,68,78.0,59,66.0,0.0,13.0,425,1929,0.0,29.38,30.01,4.9,6,6.9,9,191,28,7,2012,2040
2012-07-10,1,83,67,75.0,55,64.0,0.0,10.0,425,1929,0.0,29.39,30.1,9.9,4,10.1,10,192,28,7,2012,2040
2012-07-10,2,82,71,77.0,56,64.0,0.0,12.0,425,1929,0.0,29.44,30.07,10.8,4,11.1,10,192,28,7,2012,2040
2012-07-11,1,87,64,76.0,57,65.0,0.0,11.0,426,1928,0.0,29.39,30.1,5.8,9,8.1,11,193,28,7,2012,2040
2012-07-11,2,86,69,78.0,57,65.0,0.0,13.0,426,1928,0.0,29.44,30.08,7.3,8,8.8,11,193,28,7,2012,2040
2012-07-12,1,91,66,79.0,54,65.0,0.0,14.0,427,1928,0.0,29.35,30.06,6.4,11,8.0,12,194,28,7,2012,2040
2012-07-12,2,90,71,81.0,53,64.0,0.0,16.0,427,1928,0.0,29.41,30.04,8.1,11,9.4,12,194,28,7,2012,2040
2012-07-13,1,93,70,82.0,63,69.0,0.0,17.0,428,1927,0.28,29.31,30.03,3.4,15,6.2,13,195,28,7,2012,2040
2012-07-13,2,93,73,83.0,63,69.0,0.0,18.0,428,1927,0.001,29.37,30.01,3.2,13,6.6,13,195,28,7,2012,2040
2012-07-14,1,90,70,80.0,65,70.0,0.0,15.0,428,1927,0.001,29.3,30.02,2.0,25,6.4,14,196,28,7,2012,2040
2012-07-14,2,89,71,80.0,66,70.0,0.0,15.0,428,1927,0.001,29.36,30.0,1.1,22,4.9,14,196,28,7,2012,2040
2012-07-15,1,95,71,83.0,66,71.0,0.0,18.0,429,1926,0.0,29.29,30.01,2.2,27,7.4,15,197,28,7,2012,2040
2012-07-15,2,95,70,83.0,66,72.0,0.0,18.0,429,1926,0.0,29.35,29.99,2.1,21,6.8,15,197,28,7,2012,2040
2012-07-16,1,97,72,85.0,66,72.0,0.0,20.0,430,1925,0.0,29.19,29.91,7.1,24,7.6,16,198,29,7,2012,2041
2012-07-16,2,98,77,88.0,65,73.0,0.0,23.0,430,1925,0.0,29.25,29.89,8.6,23,9.2,16,198,29,7,2012,2041
2012-07-17,1,99,79,89.0,67,74.0,0.0,24.0,431,1925,0.0,29.13,29.83,8.6,26,9.8,17,199,29,7,2012,2041
2012-07-17,2,99,80,90.0,66,74.0,0.0,25.0,431,1925,0.0,29.18,29.8,8.9,25,9.4,17,199,29,7,2012,2041
2012-07-18,1,94,72,83.0,71,74.0,0.0,18.0,432,1924,0.85,29.18,29.89,6.0,6,8.3,18,200,29,7,2012,2041
2012-07-18,2,91,71,81.0,71,74.0,0.0,16.0,432,1924,0.55,29.24,29.86,5.3,2,9.2,18,200,29,7,2012,2041
2012-07-19,1,83,71,77.0,70,72.0,0.0,12.0,433,1923,0.8,29.2,29.9,5.2,4,10.9,19,201,29,7,2012,2041
2012-07-19,2,85,70,78.0,70,72.0,0.0,13.0,433,1923,0.89,29.24,29.87,4.0,5,9.6,19,201,29,7,2012,2041
2012-07-20,1,81,68,75.0,59,65.0,0.0,10.0,433,1923,0.0,29.34,30.04,9.5,4,10.1,20,202,29,7,2012,2041
2012-07-20,2,82,69,76.0,61,66.0,0.0,11.0,433,1923,0.001,29.39,30.02,10.4,4,11.1,20,202,29,7,2012,2041
2012-07-21,1,87,65,76.0,63,69.0,0.0,11.0,434,1922,0.0,29.34,30.05,4.3,24,4.9,21,203,29,7,2012,2041
2012-07-21,2,89,69,79.0,63,69.0,0.0,14.0,434,1922,0.0,29.39,30.03,3.4,26,4.3,21,203,29,7,2012,2041
2012-07-22,1,89,68,79.0,66,70.0,0.0,14.0,435,1921,0.001,29.31,30.04,5.9,21,6.4,22,204,29,7,2012,2041
2012-07-22,2,90,75,83.0,65,71.0,0.0,18.0,435,1921,0.01,29.38,30.02,5.9,20,6.5,22,204,29,7,2012,2041
2012-07-23,1,97,81,89.0,68,74.0,0.0,24.0,436,1920,0.001,29.2,29.91,9.8,24,10.5,23,205,30,7,2012,2042
2012-07-23,2,98,81,90.0,67,74.0,0.0,25.0,436,1920,0.01,29.26,29.89,10.0,24,10.8,23,205,30,7,2012,2042
2012-07-24,1,84,69,77.0,65,70.0,0.0,12.0,437,1919,0.54,29.24,29.94,6.6,5,7.8,24,206,30,7,2012,2042
2012-07-24,2,88,71,80.0,66,71.0,0.0,15.0,437,1919,0.37,29.31,29.92,5.6,4,7.4,24,206,30,7,2012,2042
2012-07-25,1,99,70,85.0,67,73.0,0.0,20.0,438,1918,0.01,28.99,29.73,9.3,20,12.2,25,207,30,7,2012,2042
2012-07-25,2,101,74,88.0,67,73.0,0.0,23.0,438,1918,0.0,29.05,29.71,9.3,20,12.0,25,207,30,7,2012,2042
2012-07-26,1,89,69,79.0,69,72.0,0.0,14.0,439,1918,0.71,29.0,29.7,6.4,25,9.1,26,208,30,7,2012,2042
2012-07-26,2,89,72,81.0,69,73.0,0.0,16.0,439,1918,0.07,29.06,29.68,6.0,24,8.8,26,208,30,7,2012,2042
2012-07-27,1,86,66,76.0,64,68.0,0.0,11.0,440,1917,0.03,29.17,29.84,5.4,34,8.6,27,209,30,7,2012,2042
2012-07-27,2,87,70,79.0,64,69.0,0.0,14.0,440,1917,0.01,29.22,29.82,4.7,31,8.9,27,209,30,7,2012,2042
2012-07-28,1,82,67,75.0,60,66.0,0.0,10.0,441,1916,0.0,29.38,30.07,6.2,6,7.9,28,210,30,7,2012,2042
2012-07-28,2,83,71,77.0,60,66.0,0.0,12.0,441,1916,0.0,29.43,30.05,7.1,5,8.8,28,210,30,7,2012,2042
2012-07-29,1,85,63,74.0,59,66.0,0.0,9.0,442,1915,0.001,29.31,30.03,4.4,15,5.5,29,211,30,7,2012,2042
2012-07-29,2,88,68,78.0,58,66.0,0.0,13.0,442,1915,0.0,29.36,30.01,4.6,14,6.1,29,211,30,7,2012,2042
2012-07-30,1,92,69,81.0,62,69.0,0.0,16.0,443,1914,0.0,29.19,29.91,5.7,21,7.0,30,212,31,7,2012,2043
2012-07-30,2,93,74,84.0,61,69.0,0.0,19.0,443,1914,0.0,29.24,29.89,6.3,20,7.4,30,212,31,7,2012,2043
2012-07-31,1,85,68,77.0,65,69.0,0.0,12.0,444,1913,0.16,29.21,29.91,4.2,6,7.0,31,213,31,7,2012,2043
2012-07-31,2,86,71,79.0,65,70.0,0.0,14.0,444,1913,0.17,29.26,29.89,4.0,4,8.0,31,213,31,7,2012,2043
2012-08-01,1,90,68,79.0,64,69.0,0.0,14.0,445,1911,0.0,29.19,29.91,1.7,19,3.6,1,214,31,8,2012,2043
2012-08-01,2,89,71,80.0,63,69.0,0.0,15.0,445,1911,0.0,29.24,29.89,3.6,12,4.8,1,214,31,8,2012,2043
2012-08-02,1,93,66,80.0,63,69.0,0.0,15.0,446,1910,0.0,29.13,29.85,1.5,11,6.5,2,215,31,8,2012,2043
2012-08-02,2,93,71,82.0,61,69.0,0.0,17.0,446,1910,0.0,29.19,29.83,3.3,14,6.8,2,215,31,8,2012,2043
2012-08-03,1,95,71,83.0,67,72.0,0.0,18.0,447,1909,0.0,29.16,29.86,4.9,7,6.3,3,216,31,8,2012,2043
2012-08-03,2,94,74,84.0,65,72.0,0.0,19.0,447,1909,0.0,29.21,29.84,4.7,10,5.9,3,216,31,8,2012,2043
2012-08-04,1,93,71,82.0,69,72.0,0.0,17.0,448,1908,0.37,29.15,29.85,3.8,20,6.0,4,217,31,8,2012,2043
2012-08-04,2,95,72,84.0,68,72.0,0.0,19.0,448,1908,1.02,29.21,29.83,4.8,19,6.9,4,217,31,8,2012,2043
2012-08-05,1,84,66,75.0,59,66.0,0.0,10.0,449,1907,0.0,29.35,30.04,7.0,31,9.1,5,218,31,8,2012,2043
2012-08-05,2,85,70,78.0,59,66.0,0.0,13.0,449,1907,0.0,29.41,30.02,5.8,30,8.3,5,218,31,8,2012,2043
2012-08-06,1,85,62,74.0,56,64.0,0.0,9.0,450,1906,0.0,29.35,30.07,3.2,24,4.3,6,219,32,8,2012,2044
2012-08-06,2,86,67,77.0,56,64.0,0.0,12.0,450,1906,0.0,29.41,30.05,3.1,23,4.6,6,219,32,8,2012,2044
2012-08-07,1,92,62,77.0,60,68.0,0.0,12.0,451,1904,0.0,29.21,29.94,7.0,25,8.3,7,220,32,8,2012,2044
2012-08-07,2,94,67,81.0,59,67.0,0.0,16.0,451,1904,0.0,29.27,29.92,6.0,25,7.3,7,220,32,8,2012,2044
2012-08-08,1,84,72,78.0,62,68.0,0.0,13.0,452,1903,0.001,29.24,29.96,8.3,5,8.6,8,221,32,8,2012,2044
2012-08-08,2,84,75,80.0,62,68.0,0.0,15.0,452,1903,0.01,29.29,29.93,8.1,6,8.6,8,221,32,8,2012,2044
2012-08-09,1,75,63,69.0,63,65.0,0.0,4.0,453,1902,0.05,29.16,29.88,7.3,4,9.6,9,222,32,8,2012,2044
2012-08-09,2,77,66,72.0,62,66.0,0.0,7.0,453,1902,0.001,29.21,29.85,7.0,4,9.2,9,222,32,8,2012,2044
2012-08-10,1,76,61,69.0,55,60.0,0.0,4.0,454,1900,0.18,29.2,29.91,13.2,36,14.2,10,223,32,8,2012,2044
2012-08-10,2,76,62,69.0,55,61.0,0.0,4.0,454,1900,0.4,29.24,29.88,13.6,35,14.4,10,223,32,8,2012,2044
2012-08-11,1,78,56,67.0,53,59.0,0.0,2.0,455,1859,0.0,29.26,29.97,6.5,35,8.5,11,224,32,8,2012,2044
2012-08-11,2,79,58,69.0,52,59.0,0.0,4.0,455,1859,0.0,29.31,29.95,5.8,35,8.0,11,224,32,8,2012,2044
2012-08-12,1,76,55,66.0,54,60.0,0.0,1.0,456,1858,0.001,29.27,29.99,3.4,22,3.8,12,225,32,8,2012,2044
2012-08-12,2,77,61,69.0,53,61.0,0.0,4.0,456,1858,0.0,29.33,29.98,3.7,22,4.7,12,225,32,8,2012,2044
2012-08-13,1,69,60,65.0,61,63.0,0.0,0.0,457,1856,0.4,29.24,29.96,0.3,2,3.4,13,226,33,8,2012,2045
2012-08-13,2,72,63,68.0,61,63.0,0.0,3.0,457,1856,0.34,29.29,29.95,0.7,16,2.1,13,226,33,8,2012,2045
2012-08-14,1,84,56,70.0,60,64.0,0.0,5.0,458,1855,0.001,29.2,29.92,0.6,6,4.8,14,227,33,8,2012,2045
2012-08-14,2,82,59,71.0,60,64.0,0.0,6.0,458,1855,0.01,29.26,29.9,0.8,11,4.3,14,227,33,8,2012,2045
2012-08-15,1,85,65,75.0,60,66.0,0.0,10.0,459,1854,0.001,29.19,29.91,5.7,23,6.3,15,228,33,8,2012,2045
2012-08-15,2,86,67,77.0,59,66.0,0.0,12.0,459,1854,0.001,29.25,29.89,5.2,22,6.3,15,228,33,8,2012,2045
2012-08-16,1,76,62,69.0,61,65.0,0.0,4.0,500,1852,0.39,29.13,29.84,7.0,25,10.7,16,229,33,8,2012,2045
2012-08-16,2,76,64,70.0,61,65.0,0.0,5.0,500,1852,0.31,29.2,29.83,7.3,22,9.5,16,229,33,8,2012,2045
2012-08-17,1,76,58,67.0,51,58.0,0.0,2.0,501,1851,0.0,29.27,29.98,4.9,33,7.4,17,230,33,8,2012,2045
2012-08-17,2,77,59,68.0,52,59.0,0.0,3.0,501,1851,0.0,29.33,29.97,3.3,34,6.4,17,230,33,8,2012,2045
2012-08-18,1,77,53,65.0,51,58.0,0.0,0.0,502,1849,0.0,29.26,29.98,2.6,14,4.5,18,231,33,8,2012,2045
2012-08-18,2,78,57,68.0,47,57.0,0.0,3.0,502,1849,0.0,29.31,29.97,3.2,15,5.0,18,231,33,8,2012,2045
2012-08-19,1,79,60,70.0,50,58.0,0.0,5.0,503,1848,0.0,29.22,29.94,1.5,7,3.6,19,232,33,8,2012,2045
2012-08-19,2,79,61,70.0,49,59.0,0.0,5.0,503,1848,0.0,29.28,29.92,1.9,11,4.2,19,232,33,8,2012,2045
2012-08-20,1,74,58,66.0,56,60.0,0.0,1.0,504,1846,0.08,29.25,29.96,3.5,5,6.2,20,233,34,8,2012,2046
2012-08-20,2,76,60,68.0,54,60.0,0.0,3.0,504,1846,0.53,29.31,29.95,2.3,8,4.0,20,233,34,8,2012,2046
2012-08-21,1,79,53,66.0,50,58.0,0.0,1.0,505,1845,0.0,29.35,30.06,2.6,13,4.6,21,234,34,8,2012,2046
2012-08-21,2,79,58,69.0,51,59.0,0.0,4.0,505,1845,0.0,29.41,30.05,2.1,9,4.6,21,234,34,8,2012,2046
2012-08-22,1,85,54,70.0,52,60.0,0.0,5.0,506,1843,0.0,29.35,30.07,5.5,19,5.8,22,235,34,8,2012,2046
2012-08-22,2,84,72,78.0,51,61.0,0.0,4.0,506,1843,0.0,29.39,29.97,4.7,19,8.1,22,235,34,8,2012,2046
2012-08-23,1,92,64,78.0,56,64.0,0.0,13.0,508,1842,0.03,29.33,30.04,7.6,18,8.1,23,236,34,8,2012,2046
2012-08-23,2,91,69,80.0,54,64.0,0.0,15.0,508,1842,0.0,29.39,30.03,7.0,18,7.3,23,236,34,8,2012,2046
2012-08-24,1,94,64,79.0,57,66.0,0.0,14.0,509,1840,0.0,29.28,29.99,8.2,19,8.8,24,237,34,8,2012,2046
2012-08-24,2,93,71,82.0,56,66.0,0.0,17.0,509,1840,0.0,29.34,29.98,7.0,18,7.9,24,237,34,8,2012,2046
2012-08-25,1,93,66,80.0,57,66.0,0.0,15.0,510,1839,0.0,29.29,30.01,7.4,18,7.9,25,238,34,8,2012,2046
2012-08-25,2,94,71,83.0,56,66.0,0.0,18.0,510,1839,0.0,29.36,29.99,7.5,19,8.2,25,238,34,8,2012,2046
2012-08-26,1,79,66,73.0,67,68.0,0.0,8.0,511,1837,0.57,29.29,30.01,6.1,18,7.1,26,239,34,8,2012,2046
2012-08-26,2,81,68,75.0,65,68.0,0.0,10.0,511,1837,3.66,29.35,29.99,4.1,18,7.5,26,239,34,8,2012,2046
2012-08-27,1,88,66,77.0,61,67.0,0.0,12.0,512,1835,0.0,29.33,30.03,4.6,1,6.0,27,240,35,8,2012,2047
2012-08-27,2,88,69,79.0,62,67.0,0.0,14.0,512,1835,0.0,29.38,30.01,3.0,4,6.0,27,240,35,8,2012,2047
2012-08-28,1,86,63,75.0,61,65.0,0.0,10.0,513,1834,0.0,29.37,30.08,3.6,7,5.2,28,241,35,8,2012,2047
2012-08-28,2,85,65,75.0,60,66.0,0.0,10.0,513,1834,0.0,29.42,30.06,4.1,7,5.7,28,241,35,8,2012,2047
2012-08-29,1,84,65,75.0,59,65.0,0.0,10.0,514,1832,0.0,29.33,30.05,4.8,13,5.8,29,242,35,8,2012,2047
2012-08-29,2,84,70,77.0,58,65.0,0.0,12.0,514,1832,0.0,29.39,30.03,5.0,11,5.3,29,242,35,8,2012,2047
2012-08-30,1,90,64,77.0,59,66.0,0.0,12.0,515,1831,0.0,29.28,29.99,10.2,20,10.5,30,243,35,8,2012,2047
2012-08-30,2,91,69,80.0,57,66.0,0.0,15.0,515,1831,0.0,29.34,29.98,8.9,20,9.5,30,243,35,8,2012,2047
2012-08-31,1,92,71,82.0,64,70.0,0.0,17.0,516,1829,0.0,29.32,30.02,4.9,24,10.4,31,244,35,8,2012,2047
2012-08-31,2,93,72,83.0,64,70.0,0.0,18.0,516,1829,0.0,29.38,30.0,6.4,23,10.1,31,244,35,8,2012,2047
2012-09-01,1,75,71,73.0,66,69.0,0.0,8.0,517,1827,0.001,29.29,30.01,12.1,5,11.9,1,245,35,9,2012,2047
2012-09-01,2,78,73,76.0,68,71.0,0.0,11.0,517,1827,0.25,29.34,29.98,10.0,6,10.4,1,245,35,9,2012,2047
2012-09-02,1,82,73,78.0,69,71.0,0.0,13.0,518,1826,0.001,29.19,29.91,10.4,6,10.7,2,246,35,9,2012,2047
2012-09-02,2,81,75,78.0,69,72.0,0.0,13.0,518,1826,0.0,29.23,29.88,11.4,6,12.1,2,246,35,9,2012,2047
2012-09-03,1,88,71,80.0,70,73.0,0.0,15.0,519,1824,0.0,29.17,29.97,4.6,6,4.4,3,247,36,9,2012,2048
2012-09-03,2,87,73,80.0,69,73.0,0.0,15.0,519,1824,0.0,29.23,29.87,5.0,7,5.9,3,247,36,9,2012,2048
2012-09-04,1,90,66,78.0,69,72.0,0.0,13.0,520,1822,0.64,29.13,29.86,2.8,7,8.6,4,248,36,9,2012,2048
2012-09-04,2,89,68,79.0,68,72.0,0.0,14.0,520,1822,0.33,29.22,29.84,2.4,8,6.5,4,248,36,9,2012,2048
2012-09-05,1,86,63,75.0,64,68.0,0.0,10.0,521,1821,0.16,29.11,29.8,3.3,23,7.1,5,249,36,9,2012,2048
2012-09-05,2,86,66,76.0,64,68.0,0.0,11.0,521,1821,0.17,29.16,29.79,3.9,23,6.4,5,249,36,9,2012,2048
2012-09-06,1,86,68,77.0,61,67.0,0.0,12.0,522,1819,0.0,29.18,29.89,3.2,34,6.6,6,250,36,9,2012,2048
2012-09-06,2,86,70,78.0,61,67.0,0.0,13.0,522,1819,0.0,29.24,29.87,1.8,3,5.6,6,250,36,9,2012,2048
2012-09-07,1,78,59,69.0,60,64.0,0.0,4.0,523,1817,0.06,29.11,29.82,4.7,34,9.6,7,251,36,9,2012,2048
2012-09-07,2,78,61,70.0,59,63.0,0.0,5.0,523,1817,0.2,29.16,29.8,3.6,34,8.8,7,251,36,9,2012,2048
2012-09-08,1,73,54,64.0,50,56.0,1.0,0.0,524,1815,0.28,29.14,29.86,9.5,31,11.6,8,252,36,9,2012,2048
2012-09-08,2,73,56,65.0,49,56.0,0.0,0.0,524,1815,0.23,29.2,29.85,8.2,30,10.6,8,252,36,9,2012,2048
2012-09-09,1,72,55,64.0,51,56.0,1.0,0.0,525,1814,0.0,29.35,30.04,8.1,35,9.4,9,253,36,9,2012,2048
2012-09-09,2,72,56,64.0,51,57.0,1.0,0.0,525,1814,0.0,29.4,30.02,8.7,35,9.5,9,253,36,9,2012,2048
2012-09-10,1,75,52,64.0,50,56.0,1.0,0.0,526,1812,0.0,29.42,30.14,5.9,19,6.5,10,254,37,9,2012,2049
2012-09-10,2,77,54,66.0,47,56.0,0.0,1.0,526,1812,0.0,29.49,30.13,4.6,17,4.9,10,254,37,9,2012,2049
2012-09-11,1,83,52,68.0,53,60.0,0.0,3.0,527,1810,0.0,29.38,30.1,11.1,20,11.5,11,255,37,9,2012,2049
2012-09-11,2,84,59,72.0,51,60.0,0.0,7.0,527,1810,0.0,29.44,30.09,9.9,20,10.3,11,255,37,9,2012,2049
2012-09-12,1,86,63,75.0,56,63.0,0.0,10.0,528,1809,0.0,29.4,30.11,10.0,21,10.3,12,256,37,9,2012,2049
2012-09-12,2,87,63,75.0,54,62.0,0.0,10.0,528,1809,0.0,29.47,30.11,9.3,21,9.6,12,256,37,9,2012,2049
2012-09-13,1,71,54,63.0,53,57.0,2.0,0.0,529,1807,0.19,29.54,30.25,8.7,36,10.0,13,257,37,9,2012,2049
2012-09-13,2,72,56,64.0,55,59.0,1.0,0.0,529,1807,0.13,29.59,30.23,7.8,35,9.9,13,257,37,9,2012,2049
2012-09-14,1,76,51,64.0,46,54.0,1.0,0.0,530,1805,0.0,29.57,30.29,6.6,30,7.7,14,258,37,9,2012,2049
2012-09-14,2,75,54,65.0,45,55.0,0.0,0.0,530,1805,0.001,29.63,30.29,4.1,29,5.8,14,258,37,9,2012,2049
2012-09-15,1,79,50,65.0,46,55.0,0.0,0.0,531,1803,0.0,29.47,30.21,1.7,17,4.0,15,259,37,9,2012,2049
2012-09-15,2,79,55,67.0,44,55.0,0.0,2.0,531,1803,0.0,29.54,30.21,1.9,15,3.5,15,259,37,9,2012,2049
2012-09-16,1,77,49,63.0,47,55.0,2.0,0.0,532,1760,0.0,29.3,30.04,4.7,22,5.0,16,260,37,9,2012,2049
2012-09-16,2,78,56,67.0,46,56.0,0.0,2.0,532,1760,0.0,29.37,30.04,4.9,21,5.5,16,260,37,9,2012,2049
2012-09-17,1,78,55,67.0,56,59.0,0.0,2.0,533,1758,0.26,29.1,29.84,4.8,26,9.0,17,261,38,9,2012,2050
2012-09-17,2,79,59,69.0,55,60.0,0.0,4.0,533,1758,0.17,29.17,29.84,5.0,25,9.0,17,261,38,9,2012,2050
2012-09-18,1,63,47,55.0,39,47.0,10.0,0.0,535,1756,0.001,29.21,29.92,11.8,33,12.2,18,262,38,9,2012,2050
2012-09-18,2,64,50,57.0,37,47.0,8.0,0.0,535,1756,0.0,29.28,29.92,11.2,32,11.6,18,262,38,9,2012,2050
2012-09-19,1,73,41,57.0,40,50.0,8.0,0.0,536,1755,0.0,29.19,29.93,15.9,20,16.1,19,263,38,9,2012,2050
2012-09-19,2,74,47,61.0,39,50.0,4.0,0.0,536,1755,0.0,29.27,29.94,14.0,20,14.2,19,263,38,9,2012,2050
2012-09-20,1,72,51,62.0,39,50.0,3.0,0.0,537,1753,0.0,29.16,29.89,8.4,28,8.9,20,264,38,9,2012,2050
2012-09-20,2,72,56,64.0,38,51.0,1.0,0.0,537,1753,0.0,29.24,29.89,8.0,27,9.0,20,264,38,9,2012,2050
2012-09-21,1,60,48,54.0,46,50.0,11.0,0.0,538,1751,0.15,29.13,29.86,1.9,29,6.6,21,265,38,9,2012,2050
2012-09-21,2,61,52,57.0,45,51.0,8.0,0.0,538,1751,0.13,29.2,29.87,1.6,30,6.6,21,265,38,9,2012,2050
2012-09-22,1,59,44,52.0,41,46.0,13.0,0.0,539,1749,0.02,29.29,29.99,10.3,29,11.0,22,266,38,9,2012,2050
2012-09-22,2,60,47,54.0,39,46.0,11.0,0.0,539,1749,0.01,29.36,30.0,10.0,29,11.0,22,266,38,9,2012,2050
2012-09-23,1,61,40,51.0,35,43.0,14.0,0.0,540,1748,0.0,29.49,30.21,6.2,30,6.6,23,267,38,9,2012,2050
2012-09-23,2,62,43,53.0,35,44.0,12.0,0.0,540,1748,0.0,29.55,30.22,4.4,28,6.2,23,267,38,9,2012,2050
2012-09-24,1,70,37,54.0,34,46.0,11.0,0.0,541,1746,0.0,29.28,30.05,11.3,23,11.5,24,268,39,9,2012,2051
2012-09-24,2,71,42,57.0,33,46.0,8.0,0.0,541,1746,0.0,29.36,30.06,10.9,22,11.2,24,268,39,9,2012,2051
2012-09-25,1,77,49,63.0,52,57.0,2.0,0.0,542,1744,0.0,29.13,29.86,8.6,21,9.1,25,269,39,9,2012,2051
2012-09-25,2,77,54,66.0,51,57.0,0.0,1.0,542,1744,0.0,29.2,29.87,7.6,20,7.9,25,269,39,9,2012,2051
2012-09-26,1,68,53,61.0,50,54.0,4.0,0.0,543,1742,0.0,29.34,30.03,9.4,3,9.8,26,270,39,9,2012,2051
2012-09-26,2,69,57,63.0,50,56.0,2.0,0.0,543,1742,0.0,29.39,30.02,9.4,2,10.1,26,270,39,9,2012,2051
2012-09-27,1,65,46,56.0,46,51.0,9.0,0.0,544,1741,0.0,29.44,30.16,8.3,36,9.0,27,271,39,9,2012,2051
2012-09-27,2,68,49,59.0,46,52.0,6.0,0.0,544,1741,0.0,29.49,30.15,7.3,35,7.8,27,271,39,9,2012,2051
2012-09-28,1,67,50,59.0,48,52.0,6.0,0.0,545,1739,0.001,29.4,30.13,7.5,1,8.9,28,272,39,9,2012,2051
2012-09-28,2,67,52,60.0,48,53.0,5.0,0.0,545,1739,0.0,29.47,30.13,7.1,36,8.3,28,272,39,9,2012,2051
2012-09-29,1,79,48,64.0,46,53.0,1.0,0.0,546,1737,0.0,29.29,30.03,2.4,34,5.9,29,273,39,9,2012,2051
2012-09-29,2,79,49,64.0,46,53.0,1.0,0.0,546,1737,0.0,29.36,30.03,1.9,36,5.5,29,273,39,9,2012,2051
2012-09-30,1,66,50,58.0,46,51.0,7.0,0.0,547,1735,0.0,29.23,29.96,7.2,3,8.1,30,274,39,9,2012,2051
2012-09-30,2,67,52,60.0,46,52.0,5.0,0.0,547,1735,0.0,29.28,29.96,7.1,3,8.9,30,274,39,9,2012,2051
2012-10-01,1,66,47,57.0,46,52.0,8.0,0.0,548,1734,0.0,29.13,29.87,3.8,6,4.8,1,275,40,10,2012,2052
2012-10-01,2,66,50,58.0,45,52.0,7.0,0.0,548,1734,0.0,29.2,29.87,4.3,4,4.9,1,275,40,10,2012,2052
2012-10-02,1,69,53,61.0,50,55.0,4.0,0.0,549,1732,0.0,29.15,29.86,9.6,3,9.9,2,276,40,10,2012,2052
2012-10-02,2,69,59,64.0,49,56.0,1.0,0.0,549,1732,0.0,29.2,29.85,11.3,3,11.7,2,276,40,10,2012,2052
2012-10-03,1,63,59,61.0,59,60.0,4.0,0.0,550,1730,0.26,29.23,29.94,2.8,22,4.8,3,277,40,10,2012,2052
2012-10-03,2,69,61,65.0,57,60.0,0.0,0.0,550,1730,0.03,29.3,29.94,4.2,20,7.0,3,277,40,10,2012,2052
2012-10-04,1,77,48,63.0,52,56.0,2.0,0.0,552,1729,0.12,29.31,30.02,10.1,24,11.7,4,278,40,10,2012,2052
2012-10-04,2,81,51,66.0,51,56.0,0.0,1.0,552,1729,0.1,29.39,30.03,11.6,23,13.2,4,278,40,10,2012,2052
2012-10-05,1,50,39,45.0,31,40.0,20.0,0.0,553,1727,0.0,29.36,30.09,8.4,28,8.9,5,279,40,10,2012,2052
2012-10-05,2,51,42,47.0,31,40.0,18.0,0.0,553,1727,0.001,29.43,30.11,9.8,27,10.6,5,279,40,10,2012,2052
2012-10-06,1,50,34,42.0,28,37.0,23.0,0.0,554,1725,0.0,29.41,30.13,9.5,30,9.8,6,280,40,10,2012,2052
2012-10-06,2,50,35,43.0,27,37.0,22.0,0.0,554,1725,0.0,29.48,30.15,8.2,29,8.6,6,280,40,10,2012,2052
2012-10-07,1,51,36,44.0,24,36.0,21.0,0.0,555,1724,0.0,29.41,30.14,6.1,28,7.6,7,281,40,10,2012,2052
2012-10-07,2,51,38,45.0,24,36.0,20.0,0.0,555,1724,0.0,29.49,30.17,5.3,28,6.9,7,281,40,10,2012,2052
2012-10-08,1,60,32,46.0,29,40.0,19.0,0.0,556,1722,0.0,29.32,30.07,13.9,20,13.8,8,282,41,10,2012,2053
2012-10-08,2,60,36,48.0,27,40.0,17.0,0.0,556,1722,0.0,29.41,30.1,10.8,21,11.0,8,282,41,10,2012,2053
2012-10-09,1,65,42,54.0,38,45.0,11.0,0.0,557,1720,0.17,29.15,29.9,13.1,22,16.7,9,283,41,10,2012,2053
2012-10-09,2,67,43,55.0,36,45.0,10.0,0.0,557,1720,0.18,29.23,29.92,11.8,21,14.3,9,283,41,10,2012,2053
2012-10-10,1,51,35,43.0,31,38.0,22.0,0.0,558,1719,0.0,29.36,30.08,12.1,28,12.7,10,284,41,10,2012,2053
2012-10-10,2,52,38,45.0,30,39.0,20.0,0.0,558,1719,0.0,29.44,30.1,9.9,28,11.2,10,284,41,10,2012,2053
2012-10-11,1,67,35,51.0,35,44.0,14.0,0.0,559,1717,0.02,29.4,30.11,9.0,23,15.0,11,285,41,10,2012,2053
2012-10-11,2,67,39,53.0,33,44.0,12.0,0.0,559,1717,0.001,29.47,30.13,7.7,22,12.7,11,285,41,10,2012,2053
2012-10-12,1,53,37,45.0,32,40.0,20.0,0.0,600,1715,0.001,29.61,30.35,6.1,7,10.6,12,286,41,10,2012,2053
2012-10-12,2,53,41,47.0,30,40.0,18.0,0.0,600,1715,0.001,29.68,30.36,6.0,5,9.7,12,286,41,10,2012,2053
2012-10-13,1,67,44,56.0,52,54.0,9.0,0.0,602,1714,0.21,29.18,29.95,11.9,20,12.6,13,287,41,10,2012,2053
2012-10-13,2,68,47,58.0,50,54.0,7.0,0.0,602,1714,0.48,29.26,29.97,10.5,19,11.2,13,287,41,10,2012,2053
2012-10-14,1,71,48,60.0,55,57.0,5.0,0.0,603,1712,0.77,28.89,29.62,10.8,24,15.6,14,288,41,10,2012,2053
2012-10-14,2,72,49,61.0,54,57.0,4.0,0.0,603,1712,0.54,28.97,29.63,11.4,23,15.3,14,288,41,10,2012,2053
2012-10-15,1,60,41,51.0,41,46.0,14.0,0.0,604,1711,0.0,29.21,29.89,5.4,32,9.0,15,289,42,10,2012,2054
2012-10-15,2,60,46,53.0,40,46.0,12.0,0.0,604,1711,0.0,29.26,29.91,4.5,30,8.5,15,289,42,10,2012,2054
2012-10-16,1,70,40,55.0,45,51.0,10.0,0.0,605,1709,0.0,28.97,29.72,14.0,18,14.4,16,290,42,10,2012,2054
2012-10-16,2,70,44,57.0,43,51.0,8.0,0.0,605,1709,0.0,29.05,29.74,12.3,17,12.6,16,290,42,10,2012,2054
2012-10-17,1,68,54,61.0,52,56.0,4.0,0.0,606,1707,0.51,28.71,29.45,15.6,19,17.7,17,291,42,10,2012,2054
2012-10-17,2,69,55,62.0,51,55.0,3.0,0.0,606,1707,0.43,28.79,29.46,13.5,19,15.0,17,291,42,10,2012,2054
2012-10-18,1,54,45,50.0,41,45.0,15.0,0.0,607,1706,0.07,28.71,29.43,13.7,22,15.1,18,292,42,10,2012,2054
2012-10-18,2,55,45,50.0,40,45.0,15.0,0.0,607,1706,0.13,28.79,29.45,13.2,22,14.5,18,292,42,10,2012,2054
2012-10-19,1,52,43,48.0,43,45.0,17.0,0.0,608,1704,0.02,28.81,29.51,4.2,26,7.0,19,293,42,10,2012,2054
2012-10-19,2,53,44,49.0,42,45.0,16.0,0.0,608,1704,0.15,28.89,29.53,4.4,24,6.6,19,293,42,10,2012,2054
2012-10-20,1,59,39,49.0,40,44.0,16.0,0.0,610,1703,0.0,29.1,29.8,6.9,27,7.2,20,294,42,10,2012,2054
2012-10-20,2,58,41,50.0,40,44.0,15.0,0.0,610,1703,0.0,29.18,29.82,6.6,24,7.0,20,294,42,10,2012,2054
2012-10-21,1,68,37,53.0,45,49.0,12.0,0.0,611,1701,0.0,29.25,29.97,6.2,16,6.5,21,295,42,10,2012,2054
2012-10-21,2,70,42,56.0,44,50.0,9.0,0.0,611,1701,0.0,29.33,29.98,5.1,15,5.5,21,295,42,10,2012,2054
2012-10-22,1,65,49,57.0,56,57.0,8.0,0.0,612,1660,0.81,29.18,29.92,4.0,20,6.5,22,296,43,10,2012,2055
2012-10-22,2,67,56,62.0,55,58.0,3.0,0.0,612,1660,0.28,29.24,29.92,5.5,18,6.8,22,296,43,10,2012,2055
2012-10-23,1,70,57,64.0,60,61.0,1.0,0.0,613,1658,0.06,29.18,29.9,4.4,16,7.0,23,297,43,10,2012,2055
2012-10-23,2,69,59,64.0,59,61.0,1.0,0.0,613,1658,0.03,29.24,29.9,4.4,17,5.7,23,297,43,10,2012,2055
2012-10-24,1,78,58,68.0,62,65.0,0.0,3.0,614,1657,0.0,29.15,29.88,11.5,19,11.2,24,298,43,10,2012,2055
2012-10-24,2,79,61,70.0,60,64.0,0.0,5.0,614,1657,0.0,29.23,29.88,10.4,19,10.6,24,298,43,10,2012,2055
2012-10-25,1,75,45,60.0,56,59.0,5.0,0.0,616,1656,0.13,29.11,29.81,11.8,22,17.6,25,299,43,10,2012,2055
2012-10-25,2,77,45,61.0,55,59.0,4.0,0.0,616,1656,0.45,29.19,29.81,11.7,22,16.3,25,299,43,10,2012,2055
2012-10-26,1,51,37,44.0,30,39.0,21.0,0.0,617,1654,0.0,29.54,30.25,8.9,34,9.7,26,300,43,10,2012,2055
2012-10-26,2,51,38,45.0,30,39.0,20.0,0.0,617,1654,0.0,29.6,30.26,9.1,34,10.1,26,300,43,10,2012,2055
2012-10-27,1,48,34,41.0,27,36.0,24.0,0.0,618,1653,0.0,29.54,30.28,9.6,36,10.5,27,301,43,10,2012,2055
2012-10-27,2,48,36,42.0,28,37.0,23.0,0.0,618,1653,0.0,29.6,30.28,10.4,36,11.1,27,301,43,10,2012,2055
2012-10-28,1,49,38,44.0,30,38.0,21.0,0.0,619,1651,0.0,29.52,30.27,12.8,1,13.6,28,302,43,10,2012,2055
2012-10-28,2,50,40,45.0,31,39.0,20.0,0.0,619,1651,0.001,29.58,30.27,13.7,1,14.9,28,302,43,10,2012,2055
2012-10-29,1,51,36,44.0,30,38.0,21.0,0.0,620,1650,0.0,29.43,30.2,14.3,36,15.0,29,303,44,10,2012,2056
2012-10-29,2,51,38,45.0,30,38.0,20.0,0.0,620,1650,0.0,29.49,30.2,15.9,35,16.3,29,303,44,10,2012,2056
2012-10-30,1,48,39,44.0,26,36.0,21.0,0.0,622,1649,0.0,29.08,29.85,19.4,35,18.5,30,304,44,10,2012,2056
2012-10-30,2,47,40,44.0,26,37.0,21.0,0.0,622,1649,0.0,29.15,29.86,19.3,34,19.5,30,304,44,10,2012,2056
2012-10-31,1,50,34,42.0,26,35.0,23.0,0.0,623,1647,0.0,29.09,29.83,13.5,33,13.8,31,305,44,10,2012,2056
2012-10-31,2,49,35,42.0,26,35.0,23.0,0.0,623,1647,0.0,29.16,29.84,12.1,32,12.4,31,305,44,10,2012,2056
2013-05-01,1,84,56,70.0,54,62.0,0.0,5.0,448,1849,0.0,29.36,30.06,8.0,18,9.7,1,121,18,5,2013,2031
2013-05-01,2,85,63,74.0,52,62.0,0.0,9.0,448,1849,0.0,29.43,30.06,7.7,18,8.0,1,121,18,5,2013,2031
2013-05-02,1,55,42,49.0,41,45.0,16.0,0.0,447,1850,0.11,29.44,30.17,15.2,3,15.4,2,122,18,5,2013,2031
2013-05-02,2,71,42,56.5,39,45.0,0.0,4.0,447,1850,0.0,29.51,30.17,15.8,2,16.1,2,122,18,5,2013,2031
2013-05-03,1,48,40,44.0,42,43.0,21.0,0.0,446,1851,0.05,29.28,30.03,11.2,4,11.5,3,123,18,5,2013,2031
2013-05-03,2,50,40,45.0,41,44.0,20.0,0.0,446,1851,0.02,29.34,30.03,11.0,2,11.2,3,123,18,5,2013,2031
2013-05-04,1,71,48,60.0,45,51.0,5.0,0.0,444,1852,0.02,29.26,29.99,6.1,6,7.0,4,124,18,5,2013,2031
2013-05-04,2,72,49,61.0,44,51.0,4.0,0.0,444,1852,0.001,29.32,29.99,6.0,6,7.6,4,124,18,5,2013,2031
2013-05-05,1,69,48,59.0,43,50.0,6.0,0.0,443,1853,0.001,29.28,30.0,8.8,3,9.3,5,125,18,5,2013,2031
2013-05-05,2,70,49,60.0,41,50.0,5.0,0.0,443,1853,0.0,29.34,30.0,8.0,2,8.6,5,125,18,5,2013,2031
2013-05-06,1,71,50,61.0,39,49.0,4.0,0.0,442,1855,0.001,29.28,30.0,7.5,3,8.0,6,126,19,5,2013,2032
2013-05-06,2,70,51,61.0,37,49.0,4.0,0.0,442,1855,0.0,29.34,30.0,7.0,2,7.5,6,126,19,5,2013,2032
2013-05-07,1,75,48,62.0,41,52.0,3.0,0.0,441,1856,0.0,29.28,30.0,4.7,5,5.8,7,127,19,5,2013,2032
2013-05-07,2,76,49,63.0,39,51.0,2.0,0.0,441,1856,0.0,29.35,30.01,5.1,5,6.3,7,127,19,5,2013,2032
2013-05-08,1,79,48,64.0,43,54.0,1.0,0.0,439,1857,0.0,29.26,29.98,3.7,7,5.1,8,128,19,5,2013,2032
2013-05-08,2,77,46,62.0,42,53.0,3.0,0.0,439,1857,0.0,29.33,29.99,4.0,9,4.4,8,128,19,5,2013,2032
2013-05-09,1,75,46,61.0,50,54.0,4.0,0.0,438,1858,0.32,29.15,29.9,1.0,9,5.8,9,129,19,5,2013,2032
2013-05-09,2,76,50,63.0,49,56.0,2.0,0.0,438,1858,0.63,29.23,29.9,0.7,20,5.5,9,129,19,5,2013,2032
2013-05-10,1,47,44,46.0,43,45.0,19.0,0.0,437,1859,0.13,29.18,29.91,9.4,36,10.0,10,130,19,5,2013,2032
2013-05-10,2,50,44,47.0,41,44.0,18.0,0.0,437,1859,0.04,29.25,29.91,10.5,35,10.8,10,130,19,5,2013,2032
2013-05-11,1,60,43,52.0,37,45.0,13.0,0.0,436,1860,0.0,29.21,29.92,10.1,30,12.7,11,131,19,5,2013,2032
2013-05-11,2,62,44,53.0,36,45.0,12.0,0.0,436,1860,0.0,29.28,29.94,8.7,28,11.1,11,131,19,5,2013,2032
2013-05-12,1,55,37,46.0,29,39.0,19.0,0.0,435,1901,0.0,29.35,30.08,7.8,32,11.2,12,132,19,5,2013,2032
2013-05-12,2,55,38,47.0,28,39.0,18.0,0.0,435,1901,0.0,29.42,30.1,5.5,32,9.6,12,132,19,5,2013,2032
2013-05-13,1,64,36,50.0,32,43.0,15.0,0.0,434,1902,0.0,29.34,30.09,2.5,9,5.9,13,133,20,5,2013,2033
2013-05-13,2,61,38,50.0,31,43.0,15.0,0.0,434,1902,0.0,29.42,30.11,3.1,8,6.3,13,133,20,5,2013,2033
2013-05-14,1,91,50,71.0,49,59.0,0.0,6.0,433,1903,0.0,28.98,29.75,8.4,22,11.7,14,134,20,5,2013,2033
2013-05-14,2,90,57,74.0,47,58.0,0.0,9.0,433,1903,0.0,29.07,29.76,8.9,21,11.5,14,134,20,5,2013,2033
2013-05-15,1,84,60,72.0,49,59.0,0.0,7.0,432,1904,0.0,29.07,29.77,3.2,28,8.4,15,135,20,5,2013,2033
2013-05-15,2,83,62,73.0,47,58.0,0.0,8.0,432,1904,0.001,29.14,29.76,2.3,24,9.5,15,135,20,5,2013,2033
2013-05-16,1,83,53,68.0,46,56.0,0.0,3.0,431,1905,0.0,29.2,29.89,4.1,7,5.0,16,136,20,5,2013,2033
2013-05-16,2,81,57,69.0,44,56.0,0.0,4.0,431,1905,0.0,29.26,29.89,4.0,7,5.3,16,136,20,5,2013,2033
2013-05-17,1,70,55,63.0,46,53.0,2.0,0.0,430,1906,0.001,29.29,30.0,6.1,4,6.8,17,137,20,5,2013,2033
2013-05-17,2,73,58,66.0,47,55.0,0.0,1.0,430,1906,0.001,29.36,29.99,4.5,6,6.1,17,137,20,5,2013,2033
2013-05-18,1,80,56,68.0,56,61.0,0.0,3.0,429,1907,0.0,29.26,29.99,5.3,12,6.5,18,138,20,5,2013,2033
2013-05-18,2,79,59,69.0,55,61.0,0.0,4.0,429,1907,0.0,29.33,29.99,6.3,10,7.0,18,138,20,5,2013,2033
2013-05-19,1,86,58,72.0,61,66.0,0.0,7.0,428,1908,0.0,29.12,29.85,6.2,14,7.6,19,139,20,5,2013,2033
2013-05-19,2,87,62,75.0,60,66.0,0.0,10.0,428,1908,0.0,29.18,29.85,7.1,15,8.1,19,139,20,5,2013,2033
2013-05-20,1,89,65,77.0,60,67.0,0.0,12.0,427,1909,1.09,29.03,29.73,12.6,22,13.7,20,140,21,5,2013,2034
2013-05-20,2,92,65,79.0,59,67.0,0.0,14.0,427,1909,1.25,29.1,29.73,13.6,20,14.4,20,140,21,5,2013,2034
2013-05-21,1,81,64,73.0,63,66.0,0.0,8.0,426,1910,0.56,28.96,29.67,11.2,20,12.1,21,141,21,5,2013,2034
2013-05-21,2,82,65,74.0,62,66.0,0.0,9.0,426,1910,0.2,29.03,29.68,12.4,20,12.8,21,141,21,5,2013,2034
2013-05-22,1,73,52,63.0,60,63.0,2.0,0.0,425,1911,1.35,28.97,29.66,4.5,25,7.4,22,142,21,5,2013,2034
2013-05-22,2,73,56,65.0,59,62.0,0.0,0.0,425,1911,0.65,29.03,29.66,6.4,23,9.3,22,142,21,5,2013,2034
2013-05-23,1,54,42,48.0,43,46.0,17.0,0.0,425,1912,0.06,29.38,30.05,14.5,2,14.8,23,143,21,5,2013,2034
2013-05-23,2,56,43,50.0,40,45.0,15.0,0.0,425,1912,0.12,29.44,30.05,17.9,36,18.1,23,143,21,5,2013,2034
2013-05-24,1,57,41,49.0,34,42.0,16.0,0.0,424,1913,0.0,29.62,30.35,7.5,4,8.1,24,144,21,5,2013,2034
2013-05-24,2,57,42,50.0,33,42.0,15.0,0.0,424,1913,0.0,29.7,30.36,8.1,3,9.0,24,144,21,5,2013,2034
2013-05-25,1,57,44,51.0,37,44.0,14.0,0.0,423,1914,0.0,29.59,30.34,4.7,5,5.1,25,145,21,5,2013,2034
2013-05-25,2,57,46,52.0,36,44.0,13.0,0.0,423,1914,0.0,29.67,30.35,3.3,6,3.7,25,145,21,5,2013,2034
2013-05-26,1,68,44,56.0,44,50.0,9.0,0.0,422,1915,0.02,29.47,30.22,5.5,9,7.4,26,146,21,5,2013,2034
2013-05-26,2,67,46,57.0,43,50.0,8.0,0.0,422,1915,0.001,29.54,30.23,4.0,9,5.7,26,146,21,5,2013,2034
2013-05-27,1,62,53,58.0,53,55.0,7.0,0.0,422,1916,0.23,29.21,29.97,8.5,9,9.1,27,147,22,5,2013,2035
2013-05-27,2,65,56,61.0,54,57.0,4.0,0.0,422,1916,0.19,29.28,29.97,7.5,10,8.3,27,147,22,5,2013,2035
2013-05-28,1,76,56,66.0,64,66.0,0.0,1.0,421,1916,0.2,29.06,29.78,8.7,21,10.2,28,148,22,5,2013,2035
2013-05-28,2,76,59,68.0,63,65.0,0.0,3.0,421,1916,2.2,29.13,29.79,9.5,19,10.3,28,148,22,5,2013,2035
2013-05-29,1,84,64,74.0,64,67.0,0.0,9.0,421,1917,0.01,29.16,29.88,7.3,20,8.7,29,149,22,5,2013,2035
2013-05-29,2,85,65,75.0,62,67.0,0.0,10.0,421,1917,0.02,29.23,29.88,7.9,20,9.2,29,149,22,5,2013,2035
2013-05-30,1,83,64,74.0,66,69.0,0.0,9.0,420,1918,0.51,29.13,29.85,13.4,19,14.6,30,150,22,5,2013,2035
2013-05-30,2,84,65,75.0,64,68.0,0.0,10.0,420,1918,0.09,29.22,29.85,12.9,18,13.9,30,150,22,5,2013,2035
2013-05-31,1,77,64,71.0,65,67.0,0.0,6.0,420,1919,0.3,29.05,29.79,11.7,20,12.1,31,151,22,5,2013,2035
2013-05-31,2,78,65,72.0,64,67.0,0.0,7.0,420,1919,0.23,29.13,29.79,12.4,19,12.7,31,151,22,5,2013,2035
2013-06-01,1,76,63,70.0,62,64.0,0.0,5.0,419,1920,0.56,28.98,29.69,13.1,22,13.0,1,152,22,6,2013,2035
2013-06-01,2,76,63,70.0,61,64.0,0.0,5.0,419,1920,0.44,29.05,29.69,11.9,21,11.9,1,152,22,6,2013,2035
2013-06-02,1,63,43,53.0,50,51.0,12.0,0.0,419,1920,0.01,29.24,29.93,1.8,5,6.2,2,153,22,6,2013,2035
2013-06-02,2,63,47,55.0,48,51.0,10.0,0.0,419,1920,0.01,29.31,29.93,2.8,4,7.7,2,153,22,6,2013,2035
2013-06-03,1,68,43,56.0,43,50.0,9.0,0.0,418,1921,0.0,29.34,30.06,3.7,12,4.8,3,154,23,6,2013,2036
2013-06-03,2,68,43,56.0,40,49.0,9.0,0.0,418,1921,0.0,29.41,30.07,2.6,9,4.0,3,154,23,6,2013,2036
2013-06-04,1,72,50,61.0,45,52.0,4.0,0.0,418,1922,0.0,29.39,30.11,5.3,7,6.1,4,155,23,6,2013,2036
2013-06-04,2,72,50,61.0,44,52.0,4.0,0.0,418,1922,0.0,29.46,30.12,5.6,7,6.9,4,155,23,6,2013,2036
2013-06-05,1,73,54,64.0,49,54.0,1.0,0.0,417,1923,0.01,29.24,30.0,6.8,5,8.2,5,156,23,6,2013,2036
2013-06-05,2,76,56,66.0,46,55.0,0.0,1.0,417,1923,0.001,29.33,29.99,6.1,6,8.3,5,156,23,6,2013,2036
2013-06-06,1,64,52,58.0,50,53.0,7.0,0.0,417,1923,0.15,29.18,29.91,8.9,3,9.1,6,157,23,6,2013,2036
2013-06-06,2,65,54,60.0,48,53.0,5.0,0.0,417,1923,0.06,29.23,29.9,9.0,3,9.6,6,157,23,6,2013,2036
2013-06-07,1,68,52,60.0,45,52.0,5.0,0.0,417,1924,0.001,29.2,29.92,9.5,3,9.9,7,158,23,6,2013,2036
2013-06-07,2,68,54,61.0,44,52.0,4.0,0.0,417,1924,0.0,29.26,29.92,8.8,2,9.2,7,158,23,6,2013,2036
2013-06-08,1,74,49,62.0,43,53.0,3.0,0.0,417,1925,0.0,29.25,29.96,4.7,7,5.4,8,159,23,6,2013,2036
2013-06-08,2,74,50,62.0,42,53.0,3.0,0.0,417,1925,0.0,29.31,29.96,4.7,6,5.6,8,159,23,6,2013,2036
2013-06-09,1,80,55,68.0,55,61.0,0.0,3.0,416,1925,0.01,29.15,29.88,6.0,15,8.9,9,160,23,6,2013,2036
2013-06-09,2,83,58,71.0,53,61.0,0.0,6.0,416,1925,0.01,29.22,29.88,7.1,15,8.4,9,160,23,6,2013,2036
2013-06-10,1,76,60,68.0,63,65.0,0.0,3.0,416,1926,0.26,29.08,29.79,2.7,4,4.3,10,161,24,6,2013,2037
2013-06-10,2,75,61,68.0,61,64.0,0.0,3.0,416,1926,0.85,29.14,29.78,2.0,7,4.4,10,161,24,6,2013,2037
2013-06-11,1,83,60,72.0,62,67.0,0.0,7.0,416,1926,0.001,29.13,29.85,3.2,25,4.5,11,162,24,6,2013,2037
2013-06-11,2,84,60,72.0,61,66.0,0.0,7.0,416,1926,0.24,29.21,29.85,2.5,23,4.1,11,162,24,6,2013,2037
2013-06-12,1,86,63,75.0,64,67.0,0.0,10.0,416,1927,0.75,29.0,29.74,3.1,8,8.0,12,163,24,6,2013,2037
2013-06-12,2,87,64,76.0,64,67.0,0.0,11.0,416,1927,0.25,29.08,29.74,2.9,5,5.8,12,163,24,6,2013,2037
2013-06-13,1,73,58,66.0,54,59.0,0.0,1.0,416,1927,0.0,29.23,29.92,11.7,3,12.2,13,164,24,6,2013,2037
2013-06-13,2,72,59,66.0,53,59.0,0.0,1.0,416,1927,0.0,29.29,29.91,12.6,1,13.2,13,164,24,6,2013,2037
2013-06-14,1,78,56,67.0,51,57.0,0.0,2.0,416,1928,0.0,29.34,30.05,6.6,6,7.9,14,165,24,6,2013,2037
2013-06-14,2,76,57,67.0,50,57.0,0.0,2.0,416,1928,0.0,29.4,30.04,6.0,5,7.8,14,165,24,6,2013,2037
2013-06-15,1,80,58,69.0,62,65.0,0.0,4.0,416,1928,0.17,29.21,29.95,5.6,21,7.7,15,166,24,6,2013,2037
2013-06-15,2,81,61,71.0,60,64.0,0.0,6.0,416,1928,0.12,29.28,29.95,5.6,21,7.2,15,166,24,6,2013,2037
2013-06-16,1,86,69,78.0,62,67.0,0.0,13.0,416,1929,0.0,29.16,29.88,8.3,27,9.2,16,167,24,6,2013,2037
2013-06-16,2,83,69,76.0,62,67.0,0.0,11.0,416,1929,0.0,29.23,29.87,8.6,24,9.5,16,167,24,6,2013,2037
2013-06-17,1,88,59,74.0,55,63.0,0.0,9.0,416,1929,0.03,29.18,29.89,3.9,29,8.1,17,168,25,6,2013,2038
2013-06-17,2,88,62,75.0,56,64.0,0.0,10.0,416,1929,0.1,29.24,29.88,3.7,28,8.4,17,168,25,6,2013,2038
2013-06-18,1,71,56,64.0,52,56.0,1.0,0.0,416,1929,0.0,29.31,30.01,11.4,3,11.6,18,169,25,6,2013,2038
2013-06-18,2,70,57,64.0,52,57.0,1.0,0.0,416,1929,0.01,29.36,30.0,12.1,2,12.4,18,169,25,6,2013,2038
2013-06-19,1,75,53,64.0,46,55.0,1.0,0.0,416,1930,0.0,29.39,30.1,5.9,8,6.9,19,170,25,6,2013,2038
2013-06-19,2,75,57,66.0,46,56.0,0.0,1.0,416,1930,0.0,29.44,30.09,6.4,7,7.2,19,170,25,6,2013,2038
2013-06-20,1,86,56,71.0,58,64.0,0.0,6.0,416,1930,0.0,29.38,30.1,5.1,12,5.9,20,171,25,6,2013,2038
2013-06-20,2,86,62,74.0,57,64.0,0.0,9.0,416,1930,0.0,29.45,30.1,6.0,11,7.2,20,171,25,6,2013,2038
2013-06-21,1,82,68,75.0,65,68.0,0.0,10.0,416,1930,0.79,29.34,30.04,7.4,19,9.5,21,172,25,6,2013,2038
2013-06-21,2,85,70,78.0,63,67.0,0.0,13.0,416,1930,0.11,29.39,30.04,7.6,19,9.6,21,172,25,6,2013,2038
2013-06-22,1,80,67,74.0,67,69.0,0.0,9.0,417,1931,0.04,29.3,30.01,3.1,22,8.4,22,173,25,6,2013,2038
2013-06-22,2,83,70,77.0,65,69.0,0.0,12.0,417,1931,0.0,29.37,30.0,4.8,20,7.8,22,173,25,6,2013,2038
2013-06-23,1,87,66,77.0,68,71.0,0.0,12.0,417,1931,0.84,29.26,29.97,10.7,20,11.5,23,174,25,6,2013,2038
2013-06-23,2,89,69,79.0,66,70.0,0.0,14.0,417,1931,0.001,29.34,29.97,9.3,20,9.5,23,174,25,6,2013,2038
2013-06-24,1,89,67,78.0,67,69.0,0.0,13.0,417,1931,0.18,29.25,29.95,8.9,23,10.0,24,175,26,6,2013,2039
2013-06-24,2,86,68,77.0,65,69.0,0.0,12.0,417,1931,0.14,29.3,29.96,10.5,21,11.0,24,175,26,6,2013,2039
2013-06-25,1,85,67,76.0,69,71.0,0.0,11.0,417,1931,0.03,29.13,29.86,4.5,19,6.9,25,176,26,6,2013,2039
2013-06-25,2,87,70,79.0,67,71.0,0.0,14.0,417,1931,0.001,29.21,29.85,5.2,21,8.6,25,176,26,6,2013,2039
2013-06-26,1,80,66,73.0,67,68.0,0.0,8.0,418,1931,1.48,29.05,29.76,2.2,16,7.4,26,177,26,6,2013,2039
2013-06-26,2,81,68,75.0,65,68.0,0.0,10.0,418,1931,0.19,29.11,29.75,2.6,18,9.0,26,177,26,6,2013,2039
2013-06-27,1,90,64,77.0,67,70.0,0.0,12.0,418,1931,0.92,29.01,29.73,7.2,29,7.2,27,178,26,6,2013,2039
2013-06-27,2,91,66,79.0,65,69.0,0.0,14.0,418,1931,0.59,29.08,29.71,6.1,29,6.8,27,178,26,6,2013,2039
2013-06-28,1,83,67,75.0,61,66.0,0.0,10.0,419,1931,0.001,28.91,29.63,10.5,31,10.9,28,179,26,6,2013,2039
2013-06-28,2,83,68,76.0,60,65.0,0.0,11.0,419,1931,0.16,28.97,29.62,9.0,29,9.8,28,179,26,6,2013,2039
2013-06-29,1,72,64,68.0,59,62.0,0.0,3.0,419,1931,0.0,28.97,29.66,12.0,2,12.3,29,180,26,6,2013,2039
2013-06-29,2,72,64,68.0,59,62.0,0.0,3.0,419,1931,0.001,29.03,29.65,11.7,1,12.0,29,180,26,6,2013,2039
2013-06-30,1,77,62,70.0,52,59.0,0.0,5.0,419,1931,0.0,29.2,29.88,13.8,2,13.9,30,181,26,6,2013,2039
2013-06-30,2,76,64,70.0,52,60.0,0.0,5.0,419,1931,0.0,29.25,29.86,14.0,1,14.2,30,181,26,6,2013,2039
2013-07-01,1,75,59,67.0,51,58.0,0.0,2.0,420,1931,0.0,29.31,30.03,12.6,3,12.3,1,182,27,7,2013,2040
2013-07-01,2,75,61,68.0,50,58.0,0.0,3.0,420,1931,0.0,29.37,30.01,13.8,3,13.6,1,182,27,7,2013,2040
2013-07-02,1,68,60,64.0,52,57.0,1.0,0.0,420,1931,0.001,29.33,30.05,11.0,3,11.2,2,183,27,7,2013,2040
2013-07-02,2,68,62,65.0,53,58.0,0.0,0.0,420,1931,0.001,29.39,30.04,12.0,3,12.3,2,183,27,7,2013,2040
2013-07-03,1,72,59,66.0,60,62.0,0.0,1.0,421,1931,0.02,29.32,30.04,2.2,2,5.3,3,184,27,7,2013,2040
2013-07-03,2,74,62,68.0,60,62.0,0.0,3.0,421,1931,0.07,29.38,30.03,0.5,36,4.2,3,184,27,7,2013,2040
2013-07-04,1,83,56,70.0,61,64.0,0.0,5.0,422,1930,0.0,29.34,30.05,4.4,20,5.1,4,185,27,7,2013,2040
2013-07-04,2,83,61,72.0,59,65.0,0.0,7.0,422,1930,0.0,29.41,30.05,7.3,19,7.7,4,185,27,7,2013,2040
2013-07-05,1,86,60,73.0,61,66.0,0.0,8.0,422,1930,0.0,29.33,30.04,3.7,19,4.8,5,186,27,7,2013,2040
2013-07-05,2,87,63,75.0,60,66.0,0.0,10.0,422,1930,0.0,29.39,30.03,5.1,20,5.9,5,186,27,7,2013,2040
2013-07-06,1,83,65,74.0,65,68.0,0.0,9.0,423,1930,0.0,29.29,30.01,4.1,19,4.5,6,187,27,7,2013,2040
2013-07-06,2,82,71,77.0,63,68.0,0.0,12.0,423,1930,0.0,29.36,30.0,5.4,19,5.9,6,187,27,7,2013,2040
2013-07-07,1,88,70,79.0,67,71.0,0.0,14.0,423,1930,0.0,29.26,29.97,6.6,21,6.8,7,188,27,7,2013,2040
2013-07-07,2,89,70,80.0,66,71.0,0.0,15.0,423,1930,0.0,29.33,29.96,8.0,21,8.2,7,188,27,7,2013,2040
2013-07-08,1,86,70,78.0,71,74.0,0.0,13.0,424,1929,0.5,29.24,29.95,7.8,23,8.4,8,189,28,7,2013,2041
2013-07-08,2,87,71,79.0,70,72.0,0.0,14.0,424,1929,0.84,29.31,29.95,10.0,22,10.5,8,189,28,7,2013,2041
2013-07-09,1,85,73,79.0,74,75.0,0.0,14.0,425,1929,0.001,29.19,29.91,6.9,23,7.3,9,190,28,7,2013,2041
2013-07-09,2,85,75,80.0,72,75.0,0.0,15.0,425,1929,0.01,29.26,29.91,8.9,23,9.3,9,190,28,7,2013,2041
2013-07-10,1,85,66,76.0,65,70.0,0.0,11.0,425,1929,0.0,29.2,29.89,6.0,34,8.3,10,191,28,7,2013,2041
2013-07-10,2,87,66,77.0,65,69.0,0.0,12.0,425,1929,0.0,29.26,29.88,3.7,3,8.0,10,191,28,7,2013,2041
2013-07-11,1,81,64,73.0,54,62.0,0.0,8.0,426,1928,0.0,29.36,30.06,6.5,3,7.4,11,192,28,7,2013,2041
2013-07-11,2,80,63,72.0,52,61.0,0.0,7.0,426,1928,0.0,29.42,30.05,6.3,3,7.5,11,192,28,7,2013,2041
2013-07-12,1,83,58,71.0,53,61.0,0.0,6.0,427,1928,0.0,29.38,30.1,4.0,8,4.8,12,193,28,7,2013,2041
2013-07-12,2,82,60,71.0,54,62.0,0.0,6.0,427,1928,0.0,29.44,30.09,4.1,8,5.4,12,193,28,7,2013,2041
2013-07-13,1,84,62,73.0,59,65.0,0.0,8.0,428,1927,0.0,29.41,30.12,6.8,9,7.5,13,194,28,7,2013,2041
2013-07-13,2,83,67,75.0,58,65.0,0.0,10.0,428,1927,0.0,29.47,30.11,6.4,9,7.1,13,194,28,7,2013,2041
2013-07-14,1,88,72,80.0,66,71.0,0.0,15.0,428,1927,0.0,29.47,30.17,6.7,9,7.6,14,195,28,7,2013,2041
2013-07-14,2,88,73,81.0,66,70.0,0.0,16.0,428,1927,0.0,29.52,30.16,8.2,8,8.5,14,195,28,7,2013,2041
2013-07-15,1,89,71,80.0,71,74.0,0.0,15.0,429,1926,0.09,29.52,30.23,4.3,8,5.1,15,196,29,7,2013,2042
2013-07-15,2,91,75,83.0,71,74.0,0.0,18.0,429,1926,0.02,29.57,30.21,5.0,8,6.2,15,196,29,7,2013,2042
2013-07-16,1,92,73,83.0,72,75.0,0.0,18.0,430,1925,0.0,29.54,30.25,6.4,23,6.8,16,197,29,7,2013,2042
2013-07-16,2,93,77,85.0,70,75.0,0.0,20.0,430,1925,0.01,29.61,30.24,6.8,22,7.3,16,197,29,7,2013,2042
2013-07-17,1,94,76,85.0,72,76.0,0.0,20.0,431,1925,0.0,29.51,30.23,6.7,26,6.9,17,198,29,7,2013,2042
2013-07-17,2,95,77,86.0,70,75.0,0.0,21.0,431,1925,0.0,29.57,30.21,6.2,25,7.1,17,198,29,7,2013,2042
2013-07-18,1,95,77,86.0,72,76.0,0.0,21.0,432,1924,0.001,29.31,30.05,7.2,24,8.1,18,199,29,7,2013,2042
2013-07-18,2,96,79,88.0,71,76.0,0.0,23.0,432,1924,0.0,29.38,30.04,8.8,23,9.4,18,199,29,7,2013,2042
2013-07-19,1,96,71,84.0,70,75.0,0.0,19.0,433,1923,0.58,29.1,29.83,13.3,25,14.0,19,200,29,7,2013,2042
2013-07-19,2,97,75,86.0,69,75.0,0.0,21.0,433,1923,0.001,29.17,29.82,13.4,24,13.9,19,200,29,7,2013,2042
2013-07-20,1,89,71,80.0,64,69.0,0.0,15.0,433,1923,0.06,29.17,29.86,4.8,1,7.5,20,201,29,7,2013,2042
2013-07-20,2,88,72,80.0,63,69.0,0.0,15.0,433,1923,0.01,29.23,29.85,3.8,3,7.2,20,201,29,7,2013,2042
2013-07-21,1,88,68,78.0,65,69.0,0.0,13.0,434,1922,0.01,29.18,29.89,2.8,7,6.7,21,202,29,7,2013,2042
2013-07-21,2,89,72,81.0,63,69.0,0.0,16.0,434,1922,0.0,29.24,29.88,2.9,11,7.9,21,202,29,7,2013,2042
2013-07-22,1,87,71,79.0,66,71.0,0.0,14.0,435,1921,0.001,29.07,29.78,4.9,24,7.4,22,203,30,7,2013,2043
2013-07-22,2,90,72,81.0,64,70.0,0.0,16.0,435,1921,0.001,29.14,29.77,5.2,21,7.4,22,203,30,7,2013,2043
2013-07-23,1,78,63,71.0,60,64.0,0.0,6.0,436,1920,0.03,29.15,29.83,8.8,2,11.0,23,204,30,7,2013,2043
2013-07-23,2,80,65,73.0,58,64.0,0.0,8.0,436,1920,0.0,29.21,29.81,7.3,1,11.4,23,204,30,7,2013,2043
2013-07-24,1,72,60,66.0,51,58.0,0.0,1.0,437,1919,0.0,29.31,30.01,7.8,5,8.1,24,205,30,7,2013,2043
2013-07-24,2,73,62,68.0,48,57.0,0.0,3.0,437,1919,0.0,29.38,30.01,10.1,5,10.5,24,205,30,7,2013,2043
2013-07-25,1,81,57,69.0,54,61.0,0.0,4.0,438,1918,0.0,29.33,30.05,4.1,23,5.1,25,206,30,7,2013,2043
2013-07-25,2,81,58,70.0,52,60.0,0.0,5.0,438,1918,0.0,29.39,30.05,2.7,23,3.9,25,206,30,7,2013,2043
2013-07-26,1,70,62,66.0,61,63.0,0.0,1.0,439,1918,0.39,29.21,29.94,7.6,22,8.5,26,207,30,7,2013,2043
2013-07-26,2,74,65,70.0,58,62.0,0.0,5.0,439,1918,0.01,29.28,29.94,9.3,21,10.2,26,207,30,7,2013,2043
2013-07-27,1,65,55,60.0,51,56.0,5.0,0.0,440,1917,0.0,29.17,29.9,9.0,30,10.6,27,208,30,7,2013,2043
2013-07-27,2,68,57,63.0,49,55.0,2.0,0.0,440,1917,0.0,29.23,29.89,10.3,30,11.3,27,208,30,7,2013,2043
2013-07-28,1,69,54,62.0,50,55.0,3.0,0.0,441,1916,0.001,29.23,29.93,8.7,28,9.1,28,209,30,7,2013,2043
2013-07-28,2,71,55,63.0,47,54.0,2.0,0.0,441,1916,0.001,29.3,29.94,9.5,26,9.8,28,209,30,7,2013,2043
2013-07-29,1,76,57,67.0,55,59.0,0.0,2.0,442,1915,0.0,29.41,30.11,2.0,1,7.0,29,210,31,7,2013,2044
2013-07-29,2,76,58,67.0,53,59.0,0.0,2.0,442,1915,0.0,29.47,30.1,2.3,2,7.7,29,210,31,7,2013,2044
2013-07-30,1,74,57,66.0,59,62.0,0.0,1.0,443,1914,0.04,29.39,30.12,4.2,16,4.7,30,211,31,7,2013,2044
2013-07-30,2,74,61,68.0,56,61.0,0.0,3.0,443,1914,0.001,29.46,30.12,5.5,16,6.0,30,211,31,7,2013,2044
2013-07-31,1,75,62,69.0,64,65.0,0.0,4.0,444,1913,0.5,29.26,30.0,2.2,32,4.4,31,212,31,7,2013,2044
2013-07-31,2,75,64,70.0,63,65.0,0.0,5.0,444,1913,0.18,29.33,29.99,2.5,30,4.2,31,212,31,7,2013,2044
2013-08-01,1,81,61,71.0,57,62.0,0.0,6.0,445,1911,0.0,29.23,29.95,7.6,30,7.8,1,213,31,8,2013,2044
2013-08-01,2,82,61,72.0,54,62.0,0.0,7.0,445,1911,0.0,29.29,29.95,6.2,29,7.1,1,213,31,8,2013,2044
2013-08-02,1,84,62,73.0,63,67.0,0.0,8.0,446,1910,0.63,29.15,29.87,4.5,29,8.2,2,214,31,8,2013,2044
2013-08-02,2,86,65,76.0,62,66.0,0.0,11.0,446,1910,0.41,29.23,29.87,2.7,23,7.7,2,214,31,8,2013,2044
2013-08-03,1,81,64,73.0,55,62.0,0.0,8.0,447,1909,0.0,29.33,30.03,5.8,2,6.8,3,215,31,8,2013,2044
2013-08-03,2,79,66,73.0,54,62.0,0.0,8.0,447,1909,0.0,29.39,30.02,6.9,4,8.4,3,215,31,8,2013,2044
2013-08-04,1,75,60,68.0,56,61.0,0.0,3.0,448,1908,0.001,29.42,30.14,5.9,6,7.8,4,216,31,8,2013,2044
2013-08-04,2,74,60,67.0,55,61.0,0.0,2.0,448,1908,0.001,29.49,30.13,6.1,7,6.9,4,216,31,8,2013,2044
2013-08-05,1,75,58,67.0,59,62.0,0.0,2.0,449,1907,0.07,29.23,29.98,6.8,19,7.6,5,217,32,8,2013,2045
2013-08-05,2,76,63,70.0,56,61.0,0.0,5.0,449,1907,0.02,29.29,29.98,7.1,18,7.9,5,217,32,8,2013,2045
2013-08-06,1,83,67,75.0,68,70.0,0.0,10.0,450,1906,0.04,29.13,29.86,7.2,21,8.0,6,218,32,8,2013,2045
2013-08-06,2,85,68,77.0,65,69.0,0.0,12.0,450,1906,0.0,29.21,29.85,8.7,21,9.4,6,218,32,8,2013,2045
2013-08-07,1,89,67,78.0,68,71.0,0.0,13.0,451,1904,0.001,29.14,29.83,4.0,30,9.9,7,219,32,8,2013,2045
2013-08-07,2,91,70,81.0,67,71.0,0.0,16.0,451,1904,0.01,29.2,29.82,2.4,30,10.5,7,219,32,8,2013,2045
2013-08-08,1,78,65,72.0,56,62.0,0.0,7.0,452,1903,0.0,29.26,29.98,8.6,5,9.3,8,220,32,8,2013,2045
2013-08-08,2,79,69,74.0,55,62.0,0.0,9.0,452,1903,0.0,29.33,29.96,10.5,5,10.8,8,220,32,8,2013,2045
2013-08-09,1,82,59,71.0,60,65.0,0.0,6.0,453,1902,0.001,29.28,29.98,4.7,27,5.3,9,221,32,8,2013,2045
2013-08-09,2,84,62,73.0,58,65.0,0.0,8.0,453,1902,0.0,29.34,29.97,4.9,27,5.6,9,221,32,8,2013,2045
2013-08-10,1,81,64,73.0,57,61.0,0.0,8.0,454,1900,0.0,29.28,30.08,5.3,5,6.5,10,222,32,8,2013,2045
2013-08-10,2,81,68,75.0,55,63.0,0.0,10.0,454,1900,0.0,29.28,30.07,6.0,6,7.4,10,222,32,8,2013,2045
2013-08-11,1,81,60,71.0,61,61.0,0.0,6.0,455,1859,0.01,29.35,30.07,2.0,27,3.0,11,223,32,8,2013,2045
2013-08-11,2,84,63,74.0,57,64.0,0.0,9.0,455,1859,0.001,29.42,30.06,4.0,24,5.4,11,223,32,8,2013,2045
2013-08-12,1,82,67,75.0,65,68.0,0.0,10.0,456,1858,0.27,29.21,29.93,3.5,27,7.5,12,224,33,8,2013,2046
2013-08-12,2,85,69,77.0,63,61.0,0.0,12.0,456,1858,0.66,29.27,29.92,4.5,26,7.7,12,224,33,8,2013,2046
2013-08-13,1,70,58,64.0,52,58.0,1.0,0.0,457,1856,0.0,29.37,30.07,8.7,3,9.6,13,225,33,8,2013,2046
2013-08-13,2,71,62,67.0,50,57.0,0.0,2.0,457,1856,0.0,29.42,30.06,11.2,2,11.9,13,225,33,8,2013,2046
2013-08-14,1,72,56,64.0,50,56.0,1.0,0.0,458,1855,0.0,29.44,30.16,3.9,4,7.1,14,226,33,8,2013,2046
2013-08-14,2,71,58,65.0,49,56.0,0.0,0.0,458,1855,0.0,29.52,30.16,3.0,3,7.0,14,226,33,8,2013,2046
2013-08-15,1,75,55,65.0,53,58.0,0.0,0.0,459,1854,0.0,29.4,30.13,4.2,24,4.9,15,227,33,8,2013,2046
2013-08-15,2,74,57,66.0,50,58.0,0.0,1.0,459,1854,0.0,29.47,30.13,4.5,22,5.0,15,227,33,8,2013,2046
2013-08-16,1,82,55,69.0,52,60.0,0.0,4.0,500,1852,0.0,29.44,30.15,2.8,4,5.2,16,228,33,8,2013,2046
2013-08-16,2,82,58,70.0,51,60.0,0.0,5.0,500,1852,0.0,29.5,30.14,5.0,7,5.8,16,228,33,8,2013,2046
2013-08-17,1,81,57,69.0,56,62.0,0.0,4.0,501,1851,0.0,29.47,30.19,5.7,8,6.4,17,229,33,8,2013,2046
2013-08-17,2,79,60,70.0,55,62.0,0.0,5.0,501,1851,0.0,29.53,30.18,6.0,7,6.3,17,229,33,8,2013,2046
2013-08-18,1,81,59,70.0,57,63.0,0.0,5.0,502,1849,0.0,29.41,30.14,3.7,8,4.8,18,230,33,8,2013,2046
2013-08-18,2,81,62,72.0,57,64.0,0.0,7.0,502,1849,0.0,29.48,30.13,4.2,8,4.8,18,230,33,8,2013,2046
2013-08-19,1,85,57,71.0,60,65.0,0.0,6.0,503,1848,0.0,29.34,30.07,5.1,25,5.3,19,231,34,8,2013,2047
2013-08-19,2,86,63,75.0,58,65.0,0.0,10.0,503,1848,0.0,29.41,30.06,3.8,25,4.6,19,231,34,8,2013,2047
2013-08-20,1,88,66,77.0,62,68.0,0.0,12.0,504,1846,0.0,29.34,30.06,7.7,22,8.0,20,232,34,8,2013,2047
2013-08-20,2,88,68,78.0,61,67.0,0.0,13.0,504,1846,0.0,29.41,30.05,7.0,21,7.5,20,232,34,8,2013,2047
2013-08-21,1,90,68,79.0,65,70.0,0.0,14.0,505,1845,0.01,29.3,30.02,8.6,23,9.0,21,233,34,8,2013,2047
2013-08-21,2,91,70,81.0,64,70.0,0.0,16.0,505,1845,0.05,29.37,30.02,9.0,22,9.3,21,233,34,8,2013,2047
2013-08-22,1,78,68,73.0,67,69.0,0.0,8.0,506,1843,0.23,29.36,30.05,1.5,23,7.0,22,234,34,8,2013,2047
2013-08-22,2,78,67,73.0,66,68.0,0.0,8.0,506,1843,0.36,29.42,30.05,2.5,24,7.0,22,234,34,8,2013,2047
2013-08-23,1,82,62,72.0,55,63.0,0.0,7.0,508,1842,0.0,29.43,30.14,6.1,6,6.8,23,235,34,8,2013,2047
2013-08-23,2,81,64,73.0,55,63.0,0.0,8.0,508,1842,0.0,29.49,30.13,7.2,6,8.0,23,235,34,8,2013,2047
2013-08-24,1,86,60,73.0,59,65.0,0.0,8.0,509,1840,0.0,29.49,30.2,5.3,17,6.1,24,236,34,8,2013,2047
2013-08-24,2,86,64,75.0,56,64.0,0.0,10.0,509,1840,0.0,29.55,30.2,4.6,16,5.9,24,236,34,8,2013,2047
2013-08-25,1,89,65,77.0,62,68.0,0.0,12.0,510,1839,0.0,29.46,30.18,9.2,22,9.6,25,237,34,8,2013,2047
2013-08-25,2,89,68,79.0,60,67.0,0.0,14.0,510,1839,0.0,29.52,30.17,9.6,21,10.1,25,237,34,8,2013,2047
2013-08-26,1,92,70,81.0,68,72.0,0.0,16.0,511,1837,0.0,29.34,30.06,9.0,24,9.4,26,238,35,8,2013,2048
2013-08-26,2,92,70,81.0,66,71.0,0.0,16.0,511,1837,0.0,29.41,30.06,9.2,23,9.5,26,238,35,8,2013,2048
2013-08-27,1,96,77,87.0,70,75.0,0.0,22.0,512,1835,0.0,29.18,29.9,11.7,24,12.0,27,239,35,8,2013,2048
2013-08-27,2,96,77,87.0,68,74.0,0.0,22.0,512,1835,0.0,29.24,29.89,12.5,24,12.7,27,239,35,8,2013,2048
2013-08-28,1,83,71,77.0,69,72.0,0.0,12.0,513,1834,0.0,29.26,29.95,6.9,3,9.3,28,240,35,8,2013,2048
2013-08-28,2,83,71,77.0,67,71.0,0.0,12.0,513,1834,0.0,29.32,29.94,5.8,36,8.7,28,240,35,8,2013,2048
2013-08-29,1,89,66,78.0,64,69.0,0.0,13.0,514,1832,0.0,29.29,30.01,3.9,10,4.7,29,241,35,8,2013,2048
2013-08-29,2,87,69,78.0,65,69.0,0.0,13.0,514,1832,0.0,29.36,30.0,4.2,10,4.6,29,241,35,8,2013,2048
2013-08-30,1,96,67,82.0,68,72.0,0.0,17.0,515,1831,0.36,29.13,29.86,4.4,26,8.3,30,242,35,8,2013,2048
2013-08-30,2,96,69,83.0,67,71.0,0.0,18.0,515,1831,0.47,29.21,29.85,5.3,24,7.8,30,242,35,8,2013,2048
2013-08-31,1,78,71,75.0,67,69.0,0.0,10.0,516,1829,0.07,29.1,29.82,6.1,5,7.2,31,243,35,8,2013,2048
2013-08-31,2,77,70,74.0,66,68.0,0.0,9.0,516,1829,0.96,29.16,29.81,5.8,4,7.0,31,243,35,8,2013,2048
2013-09-01,1,85,65,75.0,67,70.0,0.0,10.0,517,1827,0.14,29.05,29.76,4.2,29,5.2,1,244,35,9,2013,2048
2013-09-01,2,84,68,76.0,66,69.0,0.0,11.0,517,1827,0.02,29.11,29.75,3.9,27,5.8,1,244,35,9,2013,2048
2013-09-02,1,79,60,70.0,61,64.0,0.0,5.0,518,1826,0.0,29.21,29.9,8.1,2,9.2,2,245,36,9,2013,2049
2013-09-02,2,77,62,70.0,60,64.0,0.0,5.0,518,1826,0.0,29.27,29.89,7.5,2,8.7,2,245,36,9,2013,2049
2013-09-03,1,77,57,67.0,54,59.0,0.0,2.0,519,1824,0.0,29.32,30.02,4.0,30,5.8,3,246,36,9,2013,2049
2013-09-03,2,76,58,67.0,54,60.0,0.0,2.0,519,1824,0.0,29.39,30.02,1.5,34,4.6,3,246,36,9,2013,2049
2013-09-04,1,84,59,72.0,57,63.0,0.0,7.0,520,1822,0.0,29.37,30.08,6.2,26,7.0,4,247,36,9,2013,2049
2013-09-04,2,84,59,72.0,55,62.0,0.0,7.0,520,1822,0.0,29.44,30.08,6.4,25,6.8,4,247,36,9,2013,2049
2013-09-05,1,74,59,67.0,54,60.0,0.0,2.0,521,1821,0.001,29.49,30.2,9.0,5,9.2,5,248,36,9,2013,2049
2013-09-05,2,74,65,70.0,53,60.0,0.0,5.0,521,1821,0.0,29.55,30.19,9.2,6,9.9,5,248,36,9,2013,2049
2013-09-06,1,86,57,72.0,58,64.0,0.0,7.0,522,1819,0.0,29.38,30.11,4.7,20,6.0,6,249,36,9,2013,2049
2013-09-06,2,85,62,74.0,55,63.0,0.0,9.0,522,1819,0.0,29.44,30.11,4.3,17,6.0,6,249,36,9,2013,2049
2013-09-07,1,88,65,77.0,62,68.0,0.0,12.0,523,1817,0.01,29.21,29.94,5.7,23,6.9,7,250,36,9,2013,2049
2013-09-07,2,87,68,78.0,61,67.0,0.0,13.0,523,1817,0.0,29.28,29.94,5.8,23,7.7,7,250,36,9,2013,2049
2013-09-08,1,77,71,74.0,66,69.0,0.0,9.0,524,1815,0.0,29.26,29.98,10.5,7,11.9,8,251,36,9,2013,2049
2013-09-08,2,78,71,75.0,65,68.0,0.0,10.0,524,1815,0.0,29.33,29.96,10.1,7,12.0,8,251,36,9,2013,2049
2013-09-09,1,94,68,81.0,70,74.0,0.0,16.0,525,1814,0.0,29.15,29.86,9.0,20,10.1,9,252,37,9,2013,2050
2013-09-09,2,94,69,82.0,68,73.0,0.0,17.0,525,1814,0.0,29.22,29.86,8.5,20,9.2,9,252,37,9,2013,2050
2013-09-10,1,95,77,86.0,64,71.0,0.0,21.0,526,1812,0.0,29.25,29.95,12.1,24,12.5,10,253,37,9,2013,2050
2013-09-10,2,96,78,87.0,63,71.0,0.0,22.0,526,1812,0.0,29.32,29.94,12.2,24,12.5,10,253,37,9,2013,2050
2013-09-11,1,91,75,83.0,66,71.0,0.0,18.0,527,1810,0.001,29.28,29.98,4.2,27,7.5,11,254,37,9,2013,2050
2013-09-11,2,92,75,84.0,66,71.0,0.0,19.0,527,1810,0.001,29.34,29.97,5.1,25,6.9,11,254,37,9,2013,2050
2013-09-12,1,82,62,72.0,59,64.0,0.0,7.0,528,1809,0.001,29.28,29.98,7.0,35,9.4,12,255,37,9,2013,2050
2013-09-12,2,83,63,73.0,58,64.0,0.0,8.0,528,1809,0.06,29.34,29.97,6.8,34,9.8,12,255,37,9,2013,2050
2013-09-13,1,67,52,60.0,45,52.0,5.0,0.0,529,1807,0.0,29.41,30.13,10.7,1,11.5,13,256,37,9,2013,2050
2013-09-13,2,67,54,61.0,45,53.0,4.0,0.0,529,1807,0.001,29.47,30.12,12.8,1,13.5,13,256,37,9,2013,2050
2013-09-14,1,72,47,60.0,43,52.0,5.0,0.0,530,1805,0.0,29.36,30.1,4.7,21,5.9,14,257,37,9,2013,2050
2013-09-14,2,72,51,62.0,41,52.0,3.0,0.0,530,1805,0.0,29.44,30.11,5.3,19,6.3,14,257,37,9,2013,2050
2013-09-15,1,62,56,59.0,52,55.0,6.0,0.0,531,1803,0.65,29.34,30.06,1.1,2,5.4,15,258,37,9,2013,2050
2013-09-15,2,62,58,60.0,51,55.0,5.0,0.0,531,1803,0.24,29.41,30.06,0.4,19,5.1,15,258,37,9,2013,2050
2013-09-16,1,64,51,58.0,47,52.0,7.0,0.0,532,1760,0.0,29.59,30.3,9.7,3,10.8,16,259,38,9,2013,2051
2013-09-16,2,64,55,60.0,47,53.0,5.0,0.0,532,1760,0.001,29.65,30.29,11.4,3,12.8,16,259,38,9,2013,2051
2013-09-17,1,71,49,60.0,51,56.0,5.0,0.0,533,1758,0.0,29.49,30.23,7.0,13,7.6,17,260,38,9,2013,2051
2013-09-17,2,70,53,62.0,49,55.0,3.0,0.0,533,1758,0.001,29.55,30.23,7.2,12,8.2,17,260,38,9,2013,2051
2013-09-18,1,81,60,71.0,60,64.0,0.0,6.0,535,1756,0.55,29.26,30.01,8.7,18,9.0,18,261,38,9,2013,2051
2013-09-18,2,82,62,72.0,58,62.0,0.0,7.0,535,1756,0.51,29.35,30.02,6.7,17,9.1,18,261,38,9,2013,2051
2013-09-19,1,84,69,77.0,68,70.0,0.0,12.0,536,1755,0.84,29.14,29.87,8.3,16,10.6,19,262,38,9,2013,2051
2013-09-19,2,84,70,77.0,66,69.0,0.0,12.0,536,1755,0.001,29.21,29.87,7.8,16,10.0,19,262,38,9,2013,2051
2013-09-20,1,76,58,67.0,60,63.0,0.0,2.0,537,1753,0.001,29.08,29.8,10.1,26,11.0,20,263,38,9,2013,2051
2013-09-20,2,77,59,68.0,59,63.0,0.0,3.0,537,1753,0.02,29.15,29.8,10.3,26,11.2,20,263,38,9,2013,2051
2013-09-21,1,67,52,60.0,48,53.0,5.0,0.0,538,1751,0.0,29.17,29.87,9.6,33,10.0,21,264,38,9,2013,2051
2013-09-21,2,67,51,59.0,46,53.0,6.0,0.0,538,1751,0.0,29.23,29.87,9.0,33,9.5,21,264,38,9,2013,2051
2013-09-22,1,67,49,58.0,47,52.0,7.0,0.0,539,1749,0.0,29.3,30.01,6.2,4,7.5,22,265,38,9,2013,2051
2013-09-22,2,67,49,58.0,45,51.0,7.0,0.0,539,1749,0.0,29.36,30.01,4.8,5,6.8,22,265,38,9,2013,2051
2013-09-23,1,67,46,57.0,48,53.0,8.0,0.0,540,1748,0.0,29.34,30.06,4.9,10,6.1,23,266,39,9,2013,2052
2013-09-23,2,67,50,59.0,45,52.0,6.0,0.0,540,1748,0.0,29.41,30.06,6.8,11,7.6,23,266,39,9,2013,2052
2013-09-24,1,70,49,60.0,49,54.0,5.0,0.0,541,1746,0.0,29.26,30.0,6.2,10,8.0,24,267,39,9,2013,2052
2013-09-24,2,91,52,71.5,48,54.0,0.0,4.0,541,1746,0.0,29.33,30.0,5.8,9,7.7,24,267,39,9,2013,2052
2013-09-25,1,70,51,61.0,52,56.0,4.0,0.0,542,1744,0.0,29.23,29.95,4.8,5,5.7,25,268,39,9,2013,2052
2013-09-25,2,71,56,64.0,51,56.0,1.0,0.0,542,1744,0.0,29.29,29.95,5.9,6,6.6,25,268,39,9,2013,2052
2013-09-26,1,75,50,63.0,52,58.0,2.0,0.0,543,1742,0.0,29.34,30.04,3.8,8,4.2,26,269,39,9,2013,2052
2013-09-26,2,75,55,65.0,52,58.0,0.0,0.0,543,1742,0.0,29.4,30.04,4.1,9,4.6,26,269,39,9,2013,2052
2013-09-27,1,81,52,67.0,51,57.0,0.0,2.0,544,1741,0.0,29.38,30.09,7.0,13,7.4,27,270,39,9,2013,2052
2013-09-27,2,80,57,69.0,48,57.0,0.0,4.0,544,1741,0.0,29.44,30.09,6.6,12,7.3,27,270,39,9,2013,2052
2013-09-28,1,84,55,70.0,56,62.0,0.0,5.0,545,1739,0.2,29.24,29.98,10.9,19,12.7,28,271,39,9,2013,2052
2013-09-28,2,85,58,72.0,54,61.0,0.0,7.0,545,1739,0.02,29.31,29.98,10.2,18,11.3,28,271,39,9,2013,2052
2013-09-29,1,68,51,60.0,49,54.0,5.0,0.0,546,1737,0.18,29.29,30.01,6.0,36,7.6,29,272,39,9,2013,2052
2013-09-29,2,84,53,68.5,48,54.0,0.0,4.0,546,1737,0.22,29.36,30.01,6.3,36,7.8,29,272,39,9,2013,2052
2013-09-30,1,74,47,61.0,49,55.0,4.0,0.0,547,1735,0.0,29.21,29.93,5.8,19,6.2,30,273,40,9,2013,2053
2013-09-30,2,76,50,63.0,47,55.0,2.0,0.0,547,1735,0.0,29.28,29.93,4.2,19,4.9,30,273,40,9,2013,2053
2013-10-01,1,79,62,71.0,62,65.0,0.0,6.0,548,1734,0.0,29.21,29.92,12.5,22,12.2,1,274,40,10,2013,2053
2013-10-01,2,79,62,71.0,61,64.0,0.0,6.0,548,1734,0.0,29.28,29.92,11.9,21,11.5,1,274,40,10,2013,2053
2013-10-02,1,76,62,69.0,50,59.0,0.0,4.0,549,1732,0.0,29.31,30.02,4.7,7,6.4,2,275,40,10,2013,2053
2013-10-02,2,77,64,71.0,50,59.0,0.0,6.0,549,1732,0.0,29.37,30.02,5.2,7,7.3,2,275,40,10,2013,2053
2013-10-03,1,78,60,69.0,65,67.0,0.0,4.0,550,1730,0.12,29.19,29.91,7.4,19,7.9,3,276,40,10,2013,2053
2013-10-03,2,78,64,71.0,65,67.0,0.0,6.0,550,1730,0.8,29.26,29.91,7.1,19,7.7,3,276,40,10,2013,2053
2013-10-04,1,74,65,70.0,65,66.0,0.0,5.0,552,1729,0.001,29.23,29.94,2.6,12,6.2,4,277,40,10,2013,2053
2013-10-04,2,76,66,71.0,64,66.0,0.0,6.0,552,1729,0.0,29.29,29.94,2.0,16,6.0,4,277,40,10,2013,2053
2013-10-05,1,80,61,71.0,66,68.0,0.0,6.0,553,1727,0.82,29.11,29.84,5.2,19,6.4,5,278,40,10,2013,2053
2013-10-05,2,81,65,73.0,66,68.0,0.0,8.0,553,1727,0.68,29.18,29.83,6.7,19,8.1,5,278,40,10,2013,2053
2013-10-06,1,64,45,55.0,44,49.0,10.0,0.0,554,1725,0.09,29.02,29.75,8.7,25,9.5,6,279,40,10,2013,2053
2013-10-06,2,76,48,62.0,44,50.0,0.0,4.0,554,1725,0.06,29.1,29.76,10.1,25,10.6,6,279,40,10,2013,2053
2013-10-07,1,68,45,57.0,45,50.0,8.0,0.0,555,1724,0.001,29.23,29.92,6.1,28,9.0,7,280,41,10,2013,2054
2013-10-07,2,67,45,56.0,44,50.0,9.0,0.0,555,1724,0.0,29.3,29.94,6.3,26,9.1,7,280,41,10,2013,2054
2013-10-08,1,75,43,59.0,48,53.0,6.0,0.0,556,1722,0.0,29.42,30.13,4.7,18,5.6,8,281,41,10,2013,2054
2013-10-08,2,76,49,63.0,46,53.0,2.0,0.0,556,1722,0.0,29.49,30.13,4.0,17,5.0,8,281,41,10,2013,2054
2013-10-09,1,71,48,60.0,47,53.0,5.0,0.0,557,1720,0.0,29.45,30.18,3.6,12,4.6,9,282,41,10,2013,2054
2013-10-09,2,70,52,61.0,47,53.0,4.0,0.0,557,1720,0.0,29.52,30.18,3.4,11,4.9,9,282,41,10,2013,2054
2013-10-10,1,74,46,60.0,50,55.0,5.0,0.0,558,1719,0.0,29.37,30.11,2.9,13,3.9,10,283,41,10,2013,2054
2013-10-10,2,75,51,63.0,49,55.0,2.0,0.0,558,1719,0.0,29.44,30.11,3.0,12,3.8,10,283,41,10,2013,2054
2013-10-11,1,76,51,64.0,51,56.0,1.0,0.0,559,1717,0.0,29.28,30.02,7.3,14,7.7,11,284,41,10,2013,2054
2013-10-11,2,77,56,67.0,48,56.0,0.0,2.0,559,1717,0.0,29.36,30.02,6.1,14,6.9,11,284,41,10,2013,2054
2013-10-12,1,73,46,60.0,54,57.0,5.0,0.0,600,1715,0.12,29.32,30.02,5.7,21,7.4,12,285,41,10,2013,2054
2013-10-12,2,73,53,63.0,52,57.0,2.0,0.0,600,1715,0.01,29.39,30.02,6.0,21,8.6,12,285,41,10,2013,2054
2013-10-13,1,64,44,54.0,41,48.0,11.0,0.0,602,1714,0.0,29.62,30.32,5.3,32,6.6,13,286,41,10,2013,2054
2013-10-13,2,65,46,56.0,40,48.0,9.0,0.0,602,1714,0.0,29.68,30.33,3.1,34,5.0,13,286,41,10,2013,2054
2013-10-14,1,62,42,52.0,44,49.0,13.0,0.0,603,1712,0.0,29.53,30.29,6.6,8,8.4,14,287,42,10,2013,2055
2013-10-14,2,62,45,54.0,43,49.0,11.0,0.0,603,1712,0.0,29.59,30.29,7.2,8,8.4,14,287,42,10,2013,2055
2013-10-15,1,64,49,57.0,51,54.0,8.0,0.0,604,1711,0.07,29.14,29.91,7.6,19,10.6,15,288,42,10,2013,2055
2013-10-15,2,65,51,58.0,50,54.0,7.0,0.0,604,1711,0.09,29.22,29.92,6.9,19,9.7,15,288,42,10,2013,2055
2013-10-16,1,54,47,51.0,45,48.0,14.0,0.0,605,1709,0.001,29.16,29.89,10.5,25,10.8,16,289,42,10,2013,2055
2013-10-16,2,54,47,51.0,43,47.0,14.0,0.0,605,1709,0.001,29.23,29.91,10.5,25,10.7,16,289,42,10,2013,2055
2013-10-17,1,53,40,47.0,44,46.0,18.0,0.0,606,1707,0.29,29.12,29.86,6.1,26,6.9,17,290,42,10,2013,2055
2013-10-17,2,54,44,49.0,43,47.0,16.0,0.0,606,1707,0.17,29.2,29.88,7.1,24,7.9,17,290,42,10,2013,2055
2013-10-18,1,50,39,45.0,40,43.0,20.0,0.0,607,1706,0.0,29.18,29.91,8.3,26,8.7,18,291,42,10,2013,2055
2013-10-18,2,50,42,46.0,39,43.0,19.0,0.0,607,1706,0.0,29.26,29.93,7.9,25,8.6,18,291,42,10,2013,2055
2013-10-19,1,54,42,48.0,37,42.0,17.0,0.0,608,1704,0.01,29.1,29.83,8.9,25,9.2,19,292,42,10,2013,2055
2013-10-19,2,54,43,49.0,36,43.0,16.0,0.0,608,1704,0.01,29.17,29.85,10.1,24,10.4,19,292,42,10,2013,2055
2013-10-20,1,61,36,49.0,42,46.0,16.0,0.0,610,1703,0.01,29.07,29.8,5.1,20,6.1,20,293,42,10,2013,2055
2013-10-20,2,65,41,53.0,41,47.0,12.0,0.0,610,1703,0.02,29.15,29.82,7.5,21,8.4,20,293,42,10,2013,2055
2013-10-21,1,55,33,44.0,31,38.0,21.0,0.0,611,1701,0.001,29.19,29.9,10.8,27,11.5,21,294,43,10,2013,2056
2013-10-21,2,55,36,46.0,32,40.0,19.0,0.0,611,1701,0.03,29.26,29.92,10.3,27,10.8,21,294,43,10,2013,2056
2013-10-22,1,42,29,36.0,31,34.0,29.0,0.0,612,1660,0.001,29.21,29.95,5.4,26,6.1,22,295,43,10,2013,2056
2013-10-22,2,41,31,36.0,31,35.0,29.0,0.0,612,1660,0.03,29.28,29.97,4.6,26,5.4,22,295,43,10,2013,2056
2013-10-23,1,46,32,39.0,27,34.0,26.0,0.0,613,1658,0.001,29.24,29.98,9.2,30,10.0,23,296,43,10,2013,2056
2013-10-23,2,46,32,39.0,27,34.0,26.0,0.0,613,1658,0.001,29.32,30.0,9.2,29,9.2,23,296,43,10,2013,2056
2013-10-24,1,44,31,38.0,25,33.0,27.0,0.0,614,1657,0.001,29.45,30.16,10.3,30,10.9,24,297,43,10,2013,2056
2013-10-24,2,44,34,39.0,25,34.0,26.0,0.0,614,1657,0.0,29.52,30.2,9.2,30,9.9,24,297,43,10,2013,2056
2013-10-25,1,51,29,40.0,26,35.0,25.0,0.0,616,1656,0.0,29.47,30.24,10.8,24,11.7,25,298,43,10,2013,2056
2013-10-25,2,51,29,40.0,26,36.0,25.0,0.0,616,1656,0.0,29.57,30.28,10.4,23,11.3,25,298,43,10,2013,2056
2013-10-26,1,55,37,46.0,29,39.0,19.0,0.0,617,1654,0.0,29.22,29.96,10.9,27,14.2,26,299,43,10,2013,2056
2013-10-26,2,55,38,47.0,29,39.0,18.0,0.0,617,1654,0.0,29.3,29.98,10.5,26,13.4,26,299,43,10,2013,2056
2013-10-27,1,54,29,42.0,29,37.0,23.0,0.0,618,1653,0.0,29.28,30.02,6.3,23,6.6,27,300,43,10,2013,2056
2013-10-27,2,55,32,44.0,29,38.0,21.0,0.0,618,1653,0.0,29.37,30.05,6.4,23,6.7,27,300,43,10,2013,2056
2013-10-28,1,53,35,44.0,37,41.0,21.0,0.0,619,1651,0.0,29.54,30.26,9.0,4,9.4,28,301,44,10,2013,2057
2013-10-28,2,54,36,45.0,38,42.0,20.0,0.0,619,1651,0.0,29.6,30.26,8.8,4,10.3,28,301,44,10,2013,2057
2013-10-29,1,57,42,50.0,40,45.0,15.0,0.0,620,1650,0.001,29.49,30.25,6.1,10,7.5,29,302,44,10,2013,2057
2013-10-29,2,57,43,50.0,39,45.0,15.0,0.0,620,1650,0.001,29.57,30.26,5.9,11,6.6,29,302,44,10,2013,2057
2013-10-30,1,63,43,53.0,52,53.0,12.0,0.0,622,1649,0.55,29.22,30.0,6.6,15,7.5,30,303,44,10,2013,2057
2013-10-30,2,64,47,56.0,52,53.0,9.0,0.0,622,1649,1.16,29.29,30.01,5.3,14,6.2,30,303,44,10,2013,2057
2013-10-31,1,64,46,55.0,56,57.0,10.0,0.0,623,1647,1.04,28.69,29.45,9.4,24,11.5,31,304,44,10,2013,2057
2013-10-31,2,65,47,56.0,56,57.0,9.0,0.0,623,1647,2.03,28.77,29.47,9.5,23,11.4,31,304,44,10,2013,2057
2014-05-01,1,49,42,46.0,38,42.0,19.0,0.0,448,1849,0.09,29.02,29.74,13.5,24,13.4,1,121,18,5,2014,2032
2014-05-01,2,50,43,47.0,42,44.0,18.0,0.0,448,1849,0.09,29.1,29.76,14.1,24,14.0,1,121,18,5,2014,2032
2014-05-02,1,53,46,50.0,39,45.0,15.0,0.0,447,1850,0.001,29.03,29.77,10.2,24,11.5,2,122,18,5,2014,2032
2014-05-02,2,80,47,63.5,43,47.0,0.0,4.0,447,1850,0.04,29.1,29.79,10.7,23,11.9,2,122,18,5,2014,2032
2014-05-03,1,67,46,57.0,37,48.0,8.0,0.0,446,1851,0.0,29.07,29.77,13.8,28,14.7,3,123,18,5,2014,2032
2014-05-03,2,68,49,59.0,39,49.0,6.0,0.0,446,1851,0.0,29.13,29.77,13.3,28,14.1,3,123,18,5,2014,2032
2014-05-04,1,58,44,51.0,29,41.0,14.0,0.0,444,1852,0.0,29.31,30.01,4.8,3,10.0,4,124,18,5,2014,2032
2014-05-04,2,61,47,54.0,31,43.0,11.0,0.0,444,1852,0.0,29.37,30.01,5.6,4,11.1,4,124,18,5,2014,2032
2014-05-05,1,55,43,49.0,34,42.0,16.0,0.0,443,1853,0.05,29.26,29.98,12.6,5,13.1,5,125,19,5,2014,2033
2014-05-05,2,59,45,52.0,36,44.0,13.0,0.0,443,1853,0.01,29.31,29.98,12.5,5,13.8,5,125,19,5,2014,2033
2014-05-06,1,63,41,52.0,34,45.0,13.0,0.0,442,1855,0.0,29.21,29.95,12.6,7,13.7,6,126,19,5,2014,2033
2014-05-06,2,63,45,54.0,38,47.0,11.0,0.0,442,1855,0.0,29.26,29.94,12.9,7,13.7,6,126,19,5,2014,2033
2014-05-07,1,78,48,63.0,42,50.0,2.0,0.0,441,1856,0.001,29.1,29.82,7.5,8,8.9,7,127,19,5,2014,2033
2014-05-07,2,80,52,66.0,47,55.0,0.0,1.0,441,1856,0.001,29.15,29.81,6.3,10,9.3,7,127,19,5,2014,2033
2014-05-08,1,89,51,70.0,55,63.0,0.0,5.0,439,1857,0.1,29.08,29.8,13.7,21,14.2,8,128,19,5,2014,2033
2014-05-08,2,93,68,81.0,58,66.0,0.0,16.0,439,1857,0.0,29.15,29.79,13.8,20,14.3,8,128,19,5,2014,2033
2014-05-09,1,73,54,64.0,52,58.0,1.0,0.0,438,1858,1.03,29.03,29.74,13.2,24,16.0,9,129,19,5,2014,2033
2014-05-09,2,76,57,67.0,56,61.0,0.0,2.0,438,1858,1.43,29.1,29.73,12.4,23,15.3,9,129,19,5,2014,2033
2014-05-10,1,77,47,62.0,42,52.0,3.0,0.0,437,1859,0.0,29.19,29.91,2.9,25,6.9,10,130,19,5,2014,2033
2014-05-10,2,77,52,65.0,44,54.0,0.0,0.0,437,1859,0.0,29.26,29.9,3.1,20,6.8,10,130,19,5,2014,2033
2014-05-11,1,81,52,67.0,53,59.0,0.0,2.0,436,1860,0.12,29.19,29.91,7.6,16,8.9,11,131,19,5,2014,2033
2014-05-11,2,85,63,74.0,55,61.0,0.0,9.0,436,1860,0.41,29.26,29.9,7.8,17,10.1,11,131,19,5,2014,2033
2014-05-12,1,84,64,74.0,64,67.0,0.0,9.0,435,1901,2.09,29.13,29.85,6.6,19,12.0,12,132,20,5,2014,2034
2014-05-12,2,86,65,76.0,67,70.0,0.0,11.0,435,1901,0.03,29.2,29.84,11.1,19,12.5,12,132,20,5,2014,2034
2014-05-13,1,67,52,60.0,53,56.0,5.0,0.0,434,1902,0.12,29.29,29.98,9.5,26,12.3,13,133,20,5,2014,2034
2014-05-13,2,70,54,62.0,55,58.0,3.0,0.0,434,1902,0.14,29.35,29.97,8.1,25,10.8,13,133,20,5,2014,2034
2014-05-14,1,56,44,50.0,39,46.0,15.0,0.0,433,1903,0.02,29.36,30.09,10.9,2,12.0,14,134,20,5,2014,2034
2014-05-14,2,57,44,51.0,41,48.0,14.0,0.0,433,1903,0.06,29.41,30.08,11.4,1,12.5,14,134,20,5,2014,2034
2014-05-15,1,55,40,48.0,35,41.0,17.0,0.0,432,1904,0.19,29.26,30.0,10.3,1,13.6,15,135,20,5,2014,2034
2014-05-15,2,57,42,50.0,38,43.0,15.0,0.0,432,1904,0.26,29.32,30.0,9.2,1,13.6,15,135,20,5,2014,2034
2014-05-16,1,46,37,42.0,34,38.0,23.0,0.0,431,1905,0.1,29.33,30.05,4.9,6,8.0,16,136,20,5,2014,2034
2014-05-16,2,45,41,43.0,37,40.0,22.0,0.0,431,1905,0.08,29.39,30.06,6.6,5,9.1,16,136,20,5,2014,2034
2014-05-17,1,60,39,50.0,33,42.0,15.0,0.0,430,1906,0.0,29.4,30.12,7.7,26,8.5,17,137,20,5,2014,2034
2014-05-17,2,61,41,51.0,34,44.0,14.0,0.0,430,1906,0.0,29.47,30.14,7.6,24,8.2,17,137,20,5,2014,2034
2014-05-18,1,69,47,58.0,37,48.0,7.0,0.0,429,1907,0.0,29.47,30.19,9.8,22,10.5,18,138,20,5,2014,2034
2014-05-18,2,70,48,59.0,38,49.0,6.0,0.0,429,1907,0.0,29.54,30.2,8.5,21,9.2,18,138,20,5,2014,2034
2014-05-19,1,69,45,57.0,40,50.0,8.0,0.0,428,1908,0.001,29.34,30.1,12.7,16,13.3,19,139,21,5,2014,2035
2014-05-19,2,71,53,62.0,40,52.0,3.0,0.0,428,1908,0.001,29.41,30.1,11.3,16,12.0,19,139,21,5,2014,2035
2014-05-20,1,85,62,74.0,58,63.0,0.0,9.0,427,1909,0.82,29.12,29.86,9.9,20,11.1,20,140,21,5,2014,2035
2014-05-20,2,87,63,75.0,60,65.0,0.0,10.0,427,1909,0.64,29.19,29.85,10.5,20,11.9,20,140,21,5,2014,2035
2014-05-21,1,86,63,75.0,55,63.0,0.0,10.0,426,1910,0.01,29.16,29.86,4.4,31,7.5,21,141,21,5,2014,2035
2014-05-21,2,89,68,79.0,58,66.0,0.0,14.0,426,1910,0.01,29.21,29.84,4.8,30,7.9,21,141,21,5,2014,2035
2014-05-22,1,70,53,62.0,47,54.0,3.0,0.0,425,1911,0.0,29.36,30.06,4.0,5,6.8,22,142,21,5,2014,2035
2014-05-22,2,69,54,62.0,50,56.0,3.0,0.0,425,1911,0.0,29.42,30.05,5.4,5,7.5,22,142,21,5,2014,2035
2014-05-23,1,69,48,59.0,43,51.0,6.0,0.0,425,1912,0.0,29.47,30.18,6.2,5,6.5,23,143,21,5,2014,2035
2014-05-23,2,68,51,60.0,46,52.0,5.0,0.0,425,1912,0.0,29.52,30.17,5.1,5,6.0,23,143,21,5,2014,2035
2014-05-24,1,74,47,61.0,42,52.0,4.0,0.0,424,1913,0.0,29.44,30.18,3.9,6,5.2,24,144,21,5,2014,2035
2014-05-24,2,74,50,62.0,45,53.0,3.0,0.0,424,1913,0.0,29.5,30.17,3.2,7,4.6,24,144,21,5,2014,2035
2014-05-25,1,83,50,67.0,46,56.0,0.0,2.0,423,1914,0.0,29.35,30.08,2.3,15,5.0,25,145,21,5,2014,2035
2014-05-25,2,85,54,70.0,49,58.0,0.0,5.0,423,1914,0.0,29.41,30.08,1.7,15,4.5,25,145,21,5,2014,2035
2014-05-26,1,87,61,74.0,59,65.0,0.0,9.0,422,1915,0.0,29.25,29.98,5.9,21,7.5,26,146,22,5,2014,2036
2014-05-26,2,90,67,79.0,62,67.0,0.0,14.0,422,1915,0.08,29.31,29.97,6.3,21,7.7,26,146,22,5,2014,2036
2014-05-27,1,85,58,72.0,61,65.0,0.0,7.0,422,1916,0.21,29.21,29.91,5.3,25,10.0,27,147,22,5,2014,2036
2014-05-27,2,85,61,73.0,65,68.0,0.0,8.0,422,1916,0.5,29.26,29.9,5.3,24,9.7,27,147,22,5,2014,2036
2014-05-28,1,71,56,64.0,49,55.0,1.0,0.0,421,1916,0.03,29.29,30.0,9.1,4,9.3,28,148,22,5,2014,2036
2014-05-28,2,73,58,66.0,54,59.0,0.0,1.0,421,1916,0.68,29.35,29.99,8.3,4,9.1,28,148,22,5,2014,2036
2014-05-29,1,76,54,65.0,51,57.0,0.0,0.0,421,1917,0.0,29.38,30.09,8.4,5,9.0,29,149,22,5,2014,2036
2014-05-29,2,77,57,67.0,55,59.0,0.0,2.0,421,1917,0.0,29.42,30.07,8.8,4,9.7,29,149,22,5,2014,2036
2014-05-30,1,79,53,66.0,49,57.0,0.0,1.0,420,1918,0.0,29.44,30.15,6.1,6,7.0,30,150,22,5,2014,2036
2014-05-30,2,79,57,68.0,53,59.0,0.0,3.0,420,1918,0.0,29.49,30.13,7.1,7,8.0,30,150,22,5,2014,2036
2014-05-31,1,88,54,71.0,50,59.0,0.0,6.0,420,1919,0.0,29.39,30.12,5.8,12,8.0,31,151,22,5,2014,2036
2014-05-31,2,89,60,75.0,53,62.0,0.0,10.0,420,1919,0.0,29.45,30.1,5.1,11,7.4,31,151,22,5,2014,2036
2014-06-01,1,90,63,77.0,59,66.0,0.0,12.0,419,1920,0.001,29.24,29.96,12.9,18,13.0,1,152,22,6,2014,2036
2014-06-01,2,92,69,81.0,60,68.0,0.0,16.0,419,1920,0.001,29.31,29.95,12.0,18,12.1,1,152,22,6,2014,2036
2014-06-02,1,83,68,76.0,62,67.0,0.0,11.0,419,1920,0.14,29.11,29.83,13.2,22,14.6,2,153,23,6,2014,2037
2014-06-02,2,85,69,77.0,65,70.0,0.0,12.0,419,1920,0.2,29.18,29.82,13.4,22,15.0,2,153,23,6,2014,2037
2014-06-03,1,81,66,74.0,50,60.0,0.0,9.0,418,1921,0.0,29.18,29.89,7.2,28,9.8,3,154,23,6,2014,2037
2014-06-03,2,82,70,76.0,53,62.0,0.0,11.0,418,1921,0.0,29.24,29.88,3.7,29,10.5,3,154,23,6,2014,2037
2014-06-04,1,70,55,63.0,53,57.0,2.0,0.0,418,1922,0.19,29.13,29.85,7.8,6,9.3,4,155,23,6,2014,2037
2014-06-04,2,72,58,65.0,56,59.0,0.0,0.0,418,1922,0.12,29.18,29.84,8.5,6,10.9,4,155,23,6,2014,2037
2014-06-05,1,76,52,64.0,42,53.0,1.0,0.0,417,1923,0.0,29.23,29.95,5.0,6,6.0,5,156,23,6,2014,2037
2014-06-05,2,75,56,66.0,44,55.0,0.0,1.0,417,1923,0.0,29.29,29.94,6.5,6,7.8,5,156,23,6,2014,2037
2014-06-06,1,81,49,65.0,40,54.0,0.0,0.0,417,1923,0.0,29.26,29.98,3.9,11,4.9,6,157,23,6,2014,2037
2014-06-06,2,82,54,68.0,42,55.0,0.0,3.0,417,1923,0.0,29.32,29.97,4.8,9,5.6,6,157,23,6,2014,2037
2014-06-07,1,84,57,71.0,50,59.0,0.0,6.0,417,1924,0.08,29.18,29.91,3.3,9,7.7,7,158,23,6,2014,2037
2014-06-07,2,85,62,74.0,51,60.0,0.0,9.0,417,1924,0.12,29.23,29.89,4.2,10,7.1,7,158,23,6,2014,2037
2014-06-08,1,72,54,63.0,44,53.0,2.0,0.0,417,1925,0.23,29.28,29.98,13.9,2,14.1,8,159,23,6,2014,2037
2014-06-08,2,70,55,63.0,48,55.0,2.0,0.0,417,1925,0.21,29.33,29.97,15.4,1,15.7,8,159,23,6,2014,2037
2014-06-09,1,78,55,67.0,48,55.0,0.0,2.0,416,1925,0.0,29.24,29.96,7.7,4,8.5,9,160,24,6,2014,2038
2014-06-09,2,79,56,68.0,52,58.0,0.0,3.0,416,1925,0.0,29.29,29.94,6.3,4,8.0,9,160,24,6,2014,2038
2014-06-10,1,66,56,61.0,51,55.0,4.0,0.0,416,1926,1.26,29.12,29.87,10.0,3,10.3,10,161,24,6,2014,2038
2014-06-10,2,70,59,65.0,56,59.0,0.0,0.0,416,1926,0.45,29.17,29.85,8.3,3,9.1,10,161,24,6,2014,2038
2014-06-11,1,67,57,62.0,55,58.0,3.0,0.0,416,1926,0.52,29.0,29.71,6.4,34,7.4,11,162,24,6,2014,2038
2014-06-11,2,69,62,66.0,60,62.0,0.0,1.0,416,1926,0.03,29.05,29.7,2.2,36,5.8,11,162,24,6,2014,2038
2014-06-12,1,79,58,69.0,56,62.0,0.0,4.0,416,1927,0.001,29.08,29.78,8.6,27,10.0,12,163,24,6,2014,2038
2014-06-12,2,82,63,73.0,59,64.0,0.0,8.0,416,1927,0.01,29.13,29.77,8.9,26,9.8,12,163,24,6,2014,2038
2014-06-13,1,75,55,65.0,41,52.0,0.0,0.0,416,1927,0.0,29.26,29.96,6.4,31,9.8,13,164,24,6,2014,2038
2014-06-13,2,75,57,66.0,45,55.0,0.0,1.0,416,1927,0.0,29.32,29.95,3.4,34,7.5,13,164,24,6,2014,2038
2014-06-14,1,79,52,66.0,43,55.0,0.0,1.0,416,1928,0.0,29.31,30.03,7.8,17,8.3,14,165,24,6,2014,2038
2014-06-14,2,80,57,69.0,43,56.0,0.0,4.0,416,1928,0.0,29.37,30.02,7.5,17,8.6,14,165,24,6,2014,2038
2014-06-15,1,84,60,72.0,55,63.0,0.0,7.0,416,1928,0.0,29.17,29.89,14.3,19,15.7,15,166,24,6,2014,2038
2014-06-15,2,86,64,75.0,58,65.0,0.0,10.0,416,1928,0.001,29.24,29.89,13.4,19,14.5,15,166,24,6,2014,2038
2014-06-16,1,88,67,78.0,61,67.0,0.0,13.0,416,1929,0.0,29.24,29.97,7.4,21,8.7,16,167,25,6,2014,2039
2014-06-16,2,90,69,80.0,64,70.0,0.0,15.0,416,1929,0.0,29.31,29.96,7.1,21,8.8,16,167,25,6,2014,2039
2014-06-17,1,91,77,84.0,64,70.0,0.0,19.0,416,1929,0.001,29.15,29.86,9.1,22,12.6,17,168,25,6,2014,2039
2014-06-17,2,93,79,86.0,68,74.0,0.0,21.0,416,1929,0.0,29.22,29.85,11.5,21,13.9,17,168,25,6,2014,2039
2014-06-18,1,82,61,72.0,63,66.0,0.0,7.0,416,1929,0.65,29.24,29.93,2.0,23,10.2,18,169,25,6,2014,2039
2014-06-18,2,85,63,74.0,67,70.0,0.0,9.0,416,1929,0.8,29.29,29.92,3.3,23,10.6,18,169,25,6,2014,2039
2014-06-19,1,79,59,69.0,61,64.0,0.0,4.0,416,1930,0.32,29.33,30.04,6.0,7,8.2,19,170,25,6,2014,2039
2014-06-19,2,82,60,71.0,66,68.0,0.0,6.0,416,1930,0.39,29.39,30.03,5.4,6,7.6,19,170,25,6,2014,2039
2014-06-20,1,85,63,74.0,63,67.0,0.0,9.0,416,1930,0.01,29.23,29.94,2.6,30,8.5,20,171,25,6,2014,2039
2014-06-20,2,86,66,76.0,67,70.0,0.0,11.0,416,1930,0.03,29.28,29.93,2.6,29,8.8,20,171,25,6,2014,2039
2014-06-21,1,84,60,72.0,62,65.0,0.0,7.0,416,1930,1.28,29.21,29.92,0.7,17,7.3,21,172,25,6,2014,2039
2014-06-21,2,85,63,74.0,65,67.0,0.0,9.0,416,1930,0.73,29.26,29.91,2.1,17,6.5,21,172,25,6,2014,2039
2014-06-22,1,82,63,73.0,61,64.0,0.0,8.0,417,1931,0.0,29.16,29.88,4.4,7,4.9,22,173,25,6,2014,2039
2014-06-22,2,82,66,74.0,64,67.0,0.0,9.0,417,1931,0.0,29.23,29.87,4.8,8,5.8,22,173,25,6,2014,2039
2014-06-23,1,81,66,74.0,65,68.0,0.0,9.0,417,1931,0.05,29.11,29.83,2.9,22,5.5,23,174,26,6,2014,2040
2014-06-23,2,84,69,77.0,69,71.0,0.0,12.0,417,1931,0.16,29.18,29.82,1.9,22,5.5,23,174,26,6,2014,2040
2014-06-24,1,87,70,79.0,65,69.0,0.0,14.0,417,1931,0.41,29.15,29.85,0.8,36,4.7,24,175,26,6,2014,2040
2014-06-24,2,85,70,78.0,70,72.0,0.0,13.0,417,1931,1.15,29.21,29.83,0.9,15,5.7,24,175,26,6,2014,2040
2014-06-25,1,80,59,70.0,58,61.0,0.0,5.0,417,1931,0.001,29.28,29.98,6.8,4,7.3,25,176,26,6,2014,2040
2014-06-25,2,79,62,71.0,63,65.0,0.0,6.0,417,1931,0.02,29.34,29.96,5.3,4,6.2,25,176,26,6,2014,2040
2014-06-26,1,78,59,69.0,57,61.0,0.0,4.0,418,1931,0.0,29.34,30.04,6.2,5,6.8,26,177,26,6,2014,2040
2014-06-26,2,77,60,69.0,60,63.0,0.0,4.0,418,1931,0.0,29.38,30.03,5.5,6,7.1,26,177,26,6,2014,2040
2014-06-27,1,88,59,74.0,62,67.0,0.0,9.0,418,1931,0.001,29.28,30.0,7.9,16,9.8,27,178,26,6,2014,2040
2014-06-27,2,91,62,77.0,65,70.0,0.0,12.0,418,1931,0.0,29.34,29.98,7.2,16,9.0,27,178,26,6,2014,2040
2014-06-28,1,87,71,79.0,67,70.0,0.0,14.0,419,1931,0.0,29.23,29.96,11.8,18,12.1,28,179,26,6,2014,2040
2014-06-28,2,88,75,82.0,70,73.0,0.0,17.0,419,1931,0.16,29.31,29.95,11.1,17,11.7,28,179,26,6,2014,2040
2014-06-29,1,85,69,77.0,67,71.0,0.0,12.0,419,1931,0.07,29.2,29.9,12.3,21,12.9,29,180,26,6,2014,2040
2014-06-29,2,88,71,80.0,70,73.0,0.0,15.0,419,1931,0.04,29.26,29.89,12.4,21,13.2,29,180,26,6,2014,2040
2014-06-30,1,87,67,77.0,67,70.0,0.0,12.0,419,1931,2.6,29.05,29.77,6.3,20,12.6,30,181,27,6,2014,2041
2014-06-30,2,88,68,78.0,71,73.0,0.0,13.0,419,1931,2.06,29.1,29.75,9.0,19,12.7,30,181,27,6,2014,2041
2014-07-01,1,80,67,74.0,60,65.0,0.0,9.0,420,1931,0.001,29.02,29.72,12.3,24,12.4,1,182,27,7,2014,2041
2014-07-01,2,84,68,76.0,64,68.0,0.0,11.0,420,1931,0.04,29.08,29.71,14.9,24,14.6,1,182,27,7,2014,2041
2014-07-02,1,70,56,63.0,53,57.0,2.0,0.0,420,1931,0.12,29.23,29.92,5.3,30,9.6,2,183,27,7,2014,2041
2014-07-02,2,74,58,66.0,56,60.0,0.0,1.0,420,1931,0.12,29.28,29.9,6.3,30,9.7,2,183,27,7,2014,2041
2014-07-03,1,76,56,66.0,48,56.0,0.0,1.0,421,1931,0.07,29.41,30.11,2.2,30,6.8,3,184,27,7,2014,2041
2014-07-03,2,75,57,66.0,51,58.0,0.0,1.0,421,1931,0.05,29.47,30.1,1.8,1,7.0,3,184,27,7,2014,2041
2014-07-04,1,79,58,69.0,48,57.0,0.0,4.0,422,1930,0.0,29.54,30.26,2.9,6,7.2,4,185,27,7,2014,2041
2014-07-04,2,79,60,70.0,50,59.0,0.0,5.0,422,1930,0.0,29.6,30.25,2.8,6,7.1,4,185,27,7,2014,2041
2014-07-05,1,77,60,69.0,54,60.0,0.0,4.0,422,1930,0.001,29.41,30.16,8.0,21,8.3,5,186,27,7,2014,2041
2014-07-05,2,79,63,71.0,55,62.0,0.0,6.0,422,1930,0.01,29.47,30.15,9.2,21,9.6,5,186,27,7,2014,2041
2014-07-06,1,87,63,75.0,63,68.0,0.0,10.0,423,1930,0.0,29.1,29.85,11.8,22,12.3,6,187,27,7,2014,2041
2014-07-06,2,89,66,78.0,66,70.0,0.0,13.0,423,1930,0.0,29.17,29.84,12.5,22,12.9,6,187,27,7,2014,2041
2014-07-07,1,88,71,80.0,63,69.0,0.0,15.0,423,1930,0.63,29.0,29.72,6.9,27,8.6,7,188,28,7,2014,2042
2014-07-07,2,89,72,81.0,66,71.0,0.0,16.0,423,1930,0.48,29.05,29.7,9.1,27,10.3,7,188,28,7,2014,2042
2014-07-08,1,81,66,74.0,59,65.0,0.0,9.0,424,1929,0.54,29.01,29.7,10.9,28,12.0,8,189,28,7,2014,2042
2014-07-08,2,84,70,77.0,62,68.0,0.0,12.0,424,1929,0.48,29.07,29.69,11.5,27,13.0,8,189,28,7,2014,2042
2014-07-09,1,80,62,71.0,54,61.0,0.0,6.0,425,1929,0.0,29.25,29.93,6.8,32,8.4,9,190,28,7,2014,2042
2014-07-09,2,81,64,73.0,58,64.0,0.0,8.0,425,1929,0.0,29.31,29.91,3.0,1,6.1,9,190,28,7,2014,2042
2014-07-10,1,79,60,70.0,53,60.0,0.0,5.0,425,1929,0.0,29.42,30.13,4.1,10,4.4,10,191,28,7,2014,2042
2014-07-10,2,78,63,71.0,56,62.0,0.0,6.0,425,1929,0.0,29.49,30.11,4.5,9,5.4,10,191,28,7,2014,2042
2014-07-11,1,81,60,71.0,54,61.0,0.0,6.0,426,1928,0.01,29.42,30.14,5.1,18,5.4,11,192,28,7,2014,2042
2014-07-11,2,83,63,73.0,54,63.0,0.0,8.0,426,1928,0.001,29.48,30.13,5.5,17,6.5,11,192,28,7,2014,2042
2014-07-12,1,80,70,75.0,66,69.0,0.0,10.0,427,1928,0.47,29.23,29.97,9.1,20,10.5,12,193,28,7,2014,2042
2014-07-12,2,81,70,76.0,69,72.0,0.0,11.0,427,1928,3.31,29.3,29.96,8.6,21,10.6,12,193,28,7,2014,2042
2014-07-13,1,85,68,77.0,61,67.0,0.0,12.0,428,1927,0.01,29.18,29.9,8.9,28,9.7,13,194,28,7,2014,2042
2014-07-13,2,86,71,79.0,65,69.0,0.0,14.0,428,1927,0.04,29.24,29.88,9.1,27,10.0,13,194,28,7,2014,2042
2014-07-14,1,80,61,71.0,54,61.0,0.0,6.0,428,1927,0.2,29.11,29.83,7.3,31,8.1,14,195,29,7,2014,2043
2014-07-14,2,81,64,73.0,57,63.0,0.0,8.0,428,1927,0.37,29.17,29.81,5.9,30,7.4,14,195,29,7,2014,2043
2014-07-15,1,70,55,63.0,50,56.0,2.0,0.0,429,1926,0.05,29.21,29.91,10.0,30,10.5,15,196,29,7,2014,2043
2014-07-15,2,71,57,64.0,53,58.0,1.0,0.0,429,1926,0.05,29.26,29.91,10.0,29,10.4,15,196,29,7,2014,2043
2014-07-16,1,72,55,64.0,47,55.0,1.0,0.0,430,1925,0.0,29.29,30.0,3.3,2,7.4,16,197,29,7,2014,2043
2014-07-16,2,73,56,65.0,50,57.0,0.0,0.0,430,1925,0.0,29.36,30.0,3.2,2,7.1,16,197,29,7,2014,2043
2014-07-17,1,78,54,66.0,50,57.0,0.0,1.0,431,1925,0.0,29.37,30.08,3.0,12,5.5,17,198,29,7,2014,2043
2014-07-17,2,78,58,68.0,53,60.0,0.0,3.0,431,1925,0.0,29.43,30.07,2.5,15,5.1,17,198,29,7,2014,2043
2014-07-18,1,79,59,69.0,53,60.0,0.0,4.0,432,1924,0.0,29.39,30.12,5.7,14,6.9,18,199,29,7,2014,2043
2014-07-18,2,81,64,73.0,55,62.0,0.0,8.0,432,1924,0.0,29.46,30.1,4.9,16,6.2,18,199,29,7,2014,2043
2014-07-19,1,80,57,69.0,52,60.0,0.0,4.0,433,1923,0.0,29.33,30.05,4.2,11,4.6,19,200,29,7,2014,2043
2014-07-19,2,80,62,71.0,56,63.0,0.0,6.0,433,1923,0.0,29.39,30.04,3.2,9,4.3,19,200,29,7,2014,2043
2014-07-20,1,82,60,71.0,56,63.0,0.0,6.0,433,1923,0.0,29.31,30.03,4.0,22,4.5,20,201,29,7,2014,2043
2014-07-20,2,84,66,75.0,59,65.0,0.0,10.0,433,1923,0.0,29.37,30.01,3.8,23,4.4,20,201,29,7,2014,2043
2014-07-21,1,86,63,75.0,61,66.0,0.0,10.0,434,1922,0.0,29.34,30.05,6.9,20,7.2,21,202,30,7,2014,2044
2014-07-21,2,87,68,78.0,63,69.0,0.0,13.0,434,1922,0.0,29.41,30.04,7.6,19,8.0,21,202,30,7,2014,2044
2014-07-22,1,90,69,80.0,67,71.0,0.0,15.0,435,1921,0.01,29.27,29.97,8.3,22,11.9,22,203,30,7,2014,2044
2014-07-22,2,91,72,82.0,70,74.0,0.0,17.0,435,1921,0.19,29.34,29.96,9.6,21,12.9,22,203,30,7,2014,2044
2014-07-23,1,75,59,67.0,51,58.0,0.0,2.0,436,1920,0.0,29.41,30.12,15.7,2,16.1,23,204,30,7,2014,2044
2014-07-23,2,76,64,70.0,56,61.0,0.0,5.0,436,1920,0.0,29.47,29.97,16.4,2,16.7,23,204,30,7,2014,2044
2014-07-24,1,75,57,66.0,47,56.0,0.0,1.0,437,1919,0.0,29.39,30.11,6.2,5,8.8,24,205,30,7,2014,2044
2014-07-24,2,75,60,68.0,52,59.0,0.0,3.0,437,1919,0.0,29.44,30.1,5.0,4,8.2,24,205,30,7,2014,2044
2014-07-25,1,75,55,65.0,54,60.0,0.0,0.0,438,1918,0.001,29.24,29.98,8.4,21,9.1,25,206,30,7,2014,2044
2014-07-25,2,77,60,69.0,57,62.0,0.0,4.0,438,1918,0.001,29.31,29.97,8.7,21,9.2,25,206,30,7,2014,2044
2014-07-26,1,84,68,76.0,63,67.0,0.0,11.0,439,1918,0.0,29.1,29.83,3.9,24,5.5,26,207,30,7,2014,2044
2014-07-26,2,85,70,78.0,67,70.0,0.0,13.0,439,1918,0.0,29.16,29.81,7.0,23,8.1,26,207,30,7,2014,2044
2014-07-27,1,87,65,76.0,59,66.0,0.0,11.0,440,1917,0.02,29.08,29.77,12.2,30,15.0,27,208,30,7,2014,2044
2014-07-27,2,89,66,78.0,62,68.0,0.0,13.0,440,1917,0.04,29.13,29.75,11.4,30,14.2,27,208,30,7,2014,2044
2014-07-28,1,73,59,66.0,48,56.0,0.0,1.0,441,1916,0.0,29.33,30.03,9.2,36,11.1,28,209,31,7,2014,2045
2014-07-28,2,73,62,68.0,50,58.0,0.0,3.0,441,1916,0.0,29.38,30.01,10.0,36,12.2,28,209,31,7,2014,2045
2014-07-29,1,81,58,70.0,53,60.0,0.0,5.0,442,1915,0.01,29.28,30.0,8.4,30,9.6,29,210,31,7,2014,2045
2014-07-29,2,81,60,71.0,55,62.0,0.0,6.0,442,1915,0.0,29.34,29.99,4.8,29,8.0,29,210,31,7,2014,2045
2014-07-30,1,79,59,69.0,54,60.0,0.0,4.0,443,1914,0.0,29.29,30.01,2.2,33,7.0,30,211,31,7,2014,2045
2014-07-30,2,80,61,71.0,58,62.0,0.0,6.0,443,1914,0.0,29.36,30.0,1.1,6,5.4,30,211,31,7,2014,2045
2014-07-31,1,84,59,72.0,55,62.0,0.0,7.0,444,1913,0.0,29.3,30.01,8.0,26,8.4,31,212,31,7,2014,2045
2014-07-31,2,85,63,74.0,59,65.0,0.0,9.0,444,1913,0.0,29.36,30.0,7.6,25,8.5,31,212,31,7,2014,2045
2014-08-01,1,85,62,74.0,56,63.0,0.0,9.0,445,1911,0.15,29.34,30.06,2.4,22,6.9,1,213,31,8,2014,2045
2014-08-01,2,83,67,75.0,60,65.0,0.0,10.0,445,1911,0.21,29.41,30.05,5.5,23,7.3,1,213,31,8,2014,2045
2014-08-02,1,86,59,73.0,53,61.0,0.0,8.0,446,1910,0.0,29.4,30.11,1.6,4,4.2,2,214,31,8,2014,2045
2014-08-02,2,84,63,74.0,56,63.0,0.0,9.0,446,1910,0.0,29.46,30.1,2.6,5,4.6,2,214,31,8,2014,2045
2014-08-03,1,87,62,75.0,58,65.0,0.0,10.0,447,1909,0.0,29.38,30.09,4.5,26,6.9,3,215,31,8,2014,2045
2014-08-03,2,87,66,77.0,62,67.0,0.0,12.0,447,1909,0.0,29.44,30.08,2.6,20,6.5,3,215,31,8,2014,2045
2014-08-04,1,87,67,77.0,60,65.0,0.0,12.0,448,1908,2.76,29.34,30.06,0.4,33,7.5,4,216,32,8,2014,2046
2014-08-04,2,88,68,78.0,64,69.0,0.0,13.0,448,1908,1.82,29.39,30.04,3.3,30,8.9,4,216,32,8,2014,2046
2014-08-05,1,80,64,72.0,62,65.0,0.0,7.0,449,1907,0.001,29.31,30.03,4.8,3,6.3,5,217,32,8,2014,2046
2014-08-05,2,80,68,74.0,66,69.0,0.0,9.0,449,1907,0.07,29.37,30.01,2.3,4,5.2,5,217,32,8,2014,2046
2014-08-06,1,80,62,71.0,54,61.0,0.0,6.0,450,1906,0.0,29.34,30.05,5.1,3,6.3,6,218,32,8,2014,2046
2014-08-06,2,81,65,73.0,57,64.0,0.0,8.0,450,1906,0.0,29.39,30.03,4.8,3,6.3,6,218,32,8,2014,2046
2014-08-07,1,81,61,71.0,56,63.0,0.0,6.0,451,1904,0.0,29.34,30.06,8.3,8,9.0,7,219,32,8,2014,2046
2014-08-07,2,81,69,75.0,61,66.0,0.0,10.0,451,1904,0.0,29.4,30.04,8.7,9,9.3,7,219,32,8,2014,2046
2014-08-08,1,82,66,74.0,57,64.0,0.0,9.0,452,1903,0.0,29.34,30.05,10.1,7,10.7,8,220,32,8,2014,2046
2014-08-08,2,82,70,76.0,60,66.0,0.0,11.0,452,1903,0.0,29.39,30.03,10.7,7,11.1,8,220,32,8,2014,2046
2014-08-09,1,80,66,73.0,57,63.0,0.0,8.0,453,1902,0.0,29.34,30.07,8.6,6,9.1,9,221,32,8,2014,2046
2014-08-09,2,80,68,74.0,59,65.0,0.0,9.0,453,1902,0.0,29.39,30.04,9.7,6,10.5,9,221,32,8,2014,2046
2014-08-10,1,81,69,75.0,59,65.0,0.0,10.0,454,1900,0.0,29.28,30.0,7.7,4,8.6,10,222,32,8,2014,2046
2014-08-10,2,82,71,77.0,62,67.0,0.0,12.0,454,1900,0.0,29.33,29.98,7.2,4,8.4,10,222,32,8,2014,2046
2014-08-11,1,82,67,75.0,63,67.0,0.0,10.0,455,1859,0.85,29.11,29.84,4.4,32,6.8,11,223,33,8,2014,2047
2014-08-11,2,84,68,76.0,67,69.0,0.0,11.0,455,1859,1.16,29.17,29.83,4.0,31,8.1,11,223,33,8,2014,2047
2014-08-12,1,70,61,66.0,55,59.0,0.0,1.0,456,1858,0.07,29.17,29.87,11.2,32,12.0,12,224,33,8,2014,2047
2014-08-12,2,70,63,67.0,59,62.0,0.0,2.0,456,1858,0.16,29.23,29.86,9.7,31,11.2,12,224,33,8,2014,2047
2014-08-13,1,82,57,70.0,55,61.0,0.0,5.0,457,1856,0.0,29.29,29.99,4.6,31,9.3,13,225,33,8,2014,2047
2014-08-13,2,83,59,71.0,59,63.0,0.0,6.0,457,1856,0.0,29.34,29.98,3.4,31,8.0,13,225,33,8,2014,2047
2014-08-14,1,72,57,65.0,48,56.0,0.0,0.0,458,1855,0.0,29.35,30.07,7.0,5,7.7,14,226,33,8,2014,2047
2014-08-14,2,73,61,67.0,50,58.0,0.0,2.0,458,1855,0.0,29.41,30.05,7.6,5,8.9,14,226,33,8,2014,2047
2014-08-15,1,78,52,65.0,50,58.0,0.0,0.0,459,1854,0.0,29.28,30.02,5.2,24,6.0,15,227,33,8,2014,2047
2014-08-15,2,79,55,67.0,51,59.0,0.0,2.0,459,1854,0.0,29.35,30.01,5.5,23,6.2,15,227,33,8,2014,2047
2014-08-16,1,82,62,72.0,61,65.0,0.0,7.0,500,1852,0.0,29.2,29.91,7.9,24,8.3,16,228,33,8,2014,2047
2014-08-16,2,81,64,73.0,64,67.0,0.0,8.0,500,1852,0.0,29.26,29.9,7.9,22,8.3,16,228,33,8,2014,2047
2014-08-17,1,71,64,68.0,61,63.0,0.0,3.0,501,1851,0.001,29.23,29.96,7.9,3,8.5,17,229,33,8,2014,2047
2014-08-17,2,72,66,69.0,64,66.0,0.0,4.0,501,1851,0.0,29.29,29.94,7.8,2,8.6,17,229,33,8,2014,2047
2014-08-18,1,83,65,74.0,62,66.0,0.0,9.0,502,1849,0.0,29.12,29.85,2.8,22,4.9,18,230,34,8,2014,2048
2014-08-18,2,85,67,76.0,66,69.0,0.0,11.0,502,1849,0.0,29.18,29.84,2.7,23,5.7,18,230,34,8,2014,2048
2014-08-19,1,86,69,78.0,65,69.0,0.0,13.0,503,1848,0.09,29.02,29.72,9.2,24,10.7,19,231,34,8,2014,2048
2014-08-19,2,86,73,80.0,68,71.0,0.0,15.0,503,1848,0.13,29.08,29.71,10.6,23,11.5,19,231,34,8,2014,2048
2014-08-20,1,86,66,76.0,63,68.0,0.0,11.0,504,1846,0.0,29.17,29.86,7.4,25,7.9,20,232,34,8,2014,2048
2014-08-20,2,87,68,78.0,67,71.0,0.0,13.0,504,1846,0.0,29.23,29.84,7.9,24,8.1,20,232,34,8,2014,2048
2014-08-21,1,79,70,75.0,68,70.0,0.0,10.0,505,1845,0.98,29.21,29.92,2.8,18,5.0,21,233,34,8,2014,2048
2014-08-21,2,83,71,77.0,72,73.0,0.0,12.0,505,1845,1.29,29.26,29.9,4.0,18,6.3,21,233,34,8,2014,2048
2014-08-22,1,86,72,79.0,70,73.0,0.0,14.0,506,1843,1.58,29.21,29.92,3.4,23,5.1,22,234,34,8,2014,2048
2014-08-22,2,87,74,81.0,73,75.0,0.0,16.0,506,1843,3.17,29.28,29.91,5.7,23,7.3,22,234,34,8,2014,2048
2014-08-23,1,86,68,77.0,69,71.0,0.0,12.0,508,1842,0.34,29.25,29.96,2.6,7,5.0,23,235,34,8,2014,2048
2014-08-23,2,87,71,79.0,72,74.0,0.0,14.0,508,1842,0.5,29.31,29.94,1.6,8,3.9,23,235,34,8,2014,2048
2014-08-24,1,88,70,79.0,69,72.0,0.0,14.0,509,1840,0.0,29.26,29.97,6.6,12,7.4,24,236,34,8,2014,2048
2014-08-24,2,89,73,81.0,73,75.0,0.0,16.0,509,1840,0.0,29.33,29.96,6.3,12,7.3,24,236,34,8,2014,2048
2014-08-25,1,88,71,80.0,68,71.0,0.0,15.0,510,1839,0.01,29.28,29.99,3.0,18,6.7,25,237,35,8,2014,2049
2014-08-25,2,92,73,83.0,72,74.0,0.0,18.0,510,1839,0.78,29.33,29.97,4.0,18,7.1,25,237,35,8,2014,2049
2014-08-26,1,85,71,78.0,65,69.0,0.0,13.0,511,1837,0.12,29.34,30.06,1.8,36,6.1,26,238,35,8,2014,2049
2014-08-26,2,86,49,67.5,68,71.0,0.0,4.0,511,1837,0.001,29.41,30.04,1.3,15,5.8,26,238,35,8,2014,2049
2014-08-27,1,82,67,75.0,60,65.0,0.0,10.0,512,1835,0.0,29.4,30.11,5.9,5,6.9,27,239,35,8,2014,2049
2014-08-27,2,81,70,76.0,63,67.0,0.0,11.0,512,1835,0.0,29.46,30.09,6.4,6,7.1,27,239,35,8,2014,2049
2014-08-28,1,77,67,72.0,57,63.0,0.0,7.0,513,1834,0.001,29.35,30.08,7.6,8,8.6,28,240,35,8,2014,2049
2014-08-28,2,77,69,73.0,61,66.0,0.0,8.0,513,1834,0.02,29.41,30.06,7.3,8,8.5,28,240,35,8,2014,2049
2014-08-29,1,86,71,79.0,67,70.0,0.0,14.0,514,1832,0.08,29.19,29.92,10.7,17,11.1,29,241,35,8,2014,2049
2014-08-29,2,88,73,81.0,69,72.0,0.0,16.0,514,1832,0.0,29.26,29.91,9.9,17,10.5,29,241,35,8,2014,2049
2014-08-30,1,83,70,77.0,65,69.0,0.0,12.0,515,1831,0.27,29.15,29.85,10.7,23,11.7,30,242,35,8,2014,2049
2014-08-30,2,86,74,80.0,69,72.0,0.0,15.0,515,1831,0.001,29.21,29.83,11.4,22,12.4,30,242,35,8,2014,2049
2014-08-31,1,85,68,77.0,65,69.0,0.0,12.0,516,1829,0.0,29.18,29.89,5.7,21,6.6,31,243,35,8,2014,2049
2014-08-31,2,87,71,79.0,69,72.0,0.0,14.0,516,1829,0.0,29.25,29.88,6.9,21,7.7,31,243,35,8,2014,2049
2014-09-01,1,83,70,77.0,65,69.0,0.0,12.0,517,1827,0.36,29.07,29.77,10.7,22,11.5,1,244,36,9,2014,2050
2014-09-01,2,85,74,80.0,69,72.0,0.0,15.0,517,1827,0.001,29.13,29.76,12.7,22,13.2,1,244,36,9,2014,2050
2014-09-02,1,82,67,75.0,60,65.0,0.0,10.0,518,1826,0.01,29.18,29.88,5.4,28,5.9,2,245,36,9,2014,2050
2014-09-02,2,85,69,77.0,62,67.0,0.0,12.0,518,1826,0.0,29.24,29.87,5.8,27,6.7,2,245,36,9,2014,2050
2014-09-03,1,83,61,72.0,59,65.0,0.0,7.0,519,1824,0.0,29.26,29.97,5.3,20,6.7,3,246,36,9,2014,2050
2014-09-03,2,85,67,76.0,63,68.0,0.0,11.0,519,1824,0.0,29.33,29.96,5.9,21,6.9,3,246,36,9,2014,2050
2014-09-04,1,85,71,78.0,66,70.0,0.0,13.0,520,1822,0.26,29.21,29.93,11.4,20,12.6,4,247,36,9,2014,2050
2014-09-04,2,87,73,80.0,69,72.0,0.0,15.0,520,1822,0.22,29.26,29.92,12.0,19,12.7,4,247,36,9,2014,2050
2014-09-05,1,88,64,76.0,65,69.0,0.0,11.0,521,1821,0.5,29.27,29.96,7.8,27,11.0,5,248,36,9,2014,2050
2014-09-05,2,89,67,78.0,69,72.0,0.0,13.0,521,1821,0.43,29.34,29.94,7.3,26,12.1,5,248,36,9,2014,2050
2014-09-06,1,75,60,68.0,51,58.0,0.0,3.0,522,1819,0.0,29.42,30.13,7.1,33,8.4,6,249,36,9,2014,2050
2014-09-06,2,76,62,69.0,54,60.0,0.0,4.0,522,1819,0.0,29.48,30.11,4.7,36,8.1,6,249,36,9,2014,2050
2014-09-07,1,80,54,67.0,49,57.0,0.0,2.0,523,1817,0.0,29.44,30.16,1.0,12,4.3,7,250,36,9,2014,2050
2014-09-07,2,79,58,69.0,53,60.0,0.0,4.0,523,1817,0.0,29.49,30.15,2.2,11,4.6,7,250,36,9,2014,2050
2014-09-08,1,77,55,66.0,52,59.0,0.0,1.0,524,1815,0.0,29.33,30.07,6.0,17,6.2,8,251,37,9,2014,2051
2014-09-08,2,79,60,70.0,54,61.0,0.0,5.0,524,1815,0.0,29.39,30.06,5.2,17,5.9,8,251,37,9,2014,2051
2014-09-09,1,79,63,71.0,59,64.0,0.0,6.0,525,1814,0.01,29.18,29.93,7.2,18,7.6,9,252,37,9,2014,2051
2014-09-09,2,81,66,74.0,62,66.0,0.0,9.0,525,1814,0.01,29.24,29.92,8.2,19,8.5,9,252,37,9,2014,2051
2014-09-10,1,80,56,68.0,61,64.0,0.0,3.0,526,1812,1.31,28.97,29.67,7.3,25,15.8,10,253,37,9,2014,2051
2014-09-10,2,82,58,70.0,64,67.0,0.0,5.0,526,1812,1.61,29.03,29.66,8.9,24,16.1,10,253,37,9,2014,2051
2014-09-11,1,56,50,53.0,42,47.0,12.0,0.0,527,1810,0.0,29.46,30.15,9.8,35,10.3,11,254,37,9,2014,2051
2014-09-11,2,58,52,55.0,45,50.0,10.0,0.0,527,1810,0.0,29.51,30.14,9.5,34,10.6,11,254,37,9,2014,2051
2014-09-12,1,55,44,50.0,43,46.0,15.0,0.0,528,1809,0.13,29.55,30.27,11.7,35,12.5,12,255,37,9,2014,2051
2014-09-12,2,57,46,52.0,48,50.0,13.0,0.0,528,1809,0.1,29.6,30.26,11.0,34,11.8,12,255,37,9,2014,2051
2014-09-13,1,59,41,50.0,40,44.0,15.0,0.0,529,1807,0.0,29.59,30.33,3.2,33,7.7,13,256,37,9,2014,2051
2014-09-13,2,60,42,51.0,42,47.0,14.0,0.0,529,1807,0.01,29.66,30.33,3.1,33,6.9,13,256,37,9,2014,2051
2014-09-14,1,65,42,54.0,43,49.0,11.0,0.0,530,1805,0.0,29.49,30.25,4.5,22,4.8,14,257,37,9,2014,2051
2014-09-14,2,67,46,57.0,44,51.0,8.0,0.0,530,1805,0.0,29.57,30.25,4.2,22,4.7,14,257,37,9,2014,2051
2014-09-15,1,62,51,57.0,48,52.0,8.0,0.0,531,1803,0.001,29.41,30.14,2.2,30,4.9,15,258,38,9,2014,2052
2014-09-15,2,62,54,58.0,50,54.0,7.0,0.0,531,1803,0.001,29.46,30.13,2.9,29,6.4,15,258,38,9,2014,2052
2014-09-16,1,68,44,56.0,43,50.0,9.0,0.0,532,1760,0.0,29.41,30.15,3.0,30,4.4,16,259,38,9,2014,2052
2014-09-16,2,69,47,58.0,46,52.0,7.0,0.0,532,1760,0.0,29.47,30.15,1.5,34,4.7,16,259,38,9,2014,2052
2014-09-17,1,70,48,59.0,45,52.0,6.0,0.0,533,1758,0.0,29.29,30.02,0.4,17,2.8,17,260,38,9,2014,2052
2014-09-17,2,72,49,61.0,48,54.0,4.0,0.0,533,1758,0.0,29.36,30.02,1.5,16,4.0,17,260,38,9,2014,2052
2014-09-18,1,70,53,62.0,52,56.0,3.0,0.0,535,1756,0.0,29.4,30.12,5.5,4,6.3,18,261,38,9,2014,2052
2014-09-18,2,72,53,63.0,54,57.0,2.0,0.0,535,1756,0.0,29.46,30.11,4.8,3,5.9,18,261,38,9,2014,2052
2014-09-19,1,78,53,66.0,48,56.0,0.0,1.0,536,1755,0.0,29.31,30.06,10.7,18,11.5,19,262,38,9,2014,2052
2014-09-19,2,76,57,67.0,49,57.0,0.0,2.0,536,1755,0.0,29.38,30.05,10.0,18,10.5,19,262,38,9,2014,2052
2014-09-20,1,77,63,70.0,61,64.0,0.0,5.0,537,1753,0.12,29.1,29.83,9.8,23,10.1,20,263,38,9,2014,2052
2014-09-20,2,80,63,72.0,62,65.0,0.0,7.0,537,1753,0.12,29.17,29.83,11.5,22,12.1,20,263,38,9,2014,2052
2014-09-21,1,69,51,60.0,50,55.0,5.0,0.0,538,1751,0.001,29.26,29.94,10.5,31,12.7,21,264,38,9,2014,2052
2014-09-21,2,70,52,61.0,51,56.0,4.0,0.0,538,1751,0.001,29.31,29.93,9.4,31,12.9,21,264,38,9,2014,2052
2014-09-22,1,67,46,57.0,43,49.0,8.0,0.0,539,1749,0.0,29.52,30.22,1.7,31,5.5,22,265,39,9,2014,2053
2014-09-22,2,69,48,59.0,45,52.0,6.0,0.0,539,1749,0.0,29.59,30.22,1.3,33,6.2,22,265,39,9,2014,2053
2014-09-23,1,74,51,63.0,46,53.0,2.0,0.0,540,1748,0.0,29.57,30.3,1.9,20,4.3,23,266,39,9,2014,2053
2014-09-23,2,76,50,63.0,48,55.0,2.0,0.0,540,1748,0.0,29.64,30.3,3.3,17,6.2,23,266,39,9,2014,2053
2014-09-24,1,77,54,66.0,49,56.0,0.0,1.0,541,1746,0.0,29.57,30.3,4.3,13,5.6,24,267,39,9,2014,2053
2014-09-24,2,77,54,66.0,50,57.0,0.0,1.0,541,1746,0.0,29.63,30.29,4.1,13,5.4,24,267,39,9,2014,2053
2014-09-25,1,74,56,65.0,52,58.0,0.0,0.0,542,1744,0.0,29.52,30.25,0.6,11,1.9,25,268,39,9,2014,2053
2014-09-25,2,78,58,68.0,54,59.0,0.0,3.0,542,1744,0.0,29.58,30.24,1.9,13,3.7,25,268,39,9,2014,2053
2014-09-26,1,79,51,65.0,53,58.0,0.0,0.0,543,1742,0.0,29.51,30.23,3.7,6,4.5,26,269,39,9,2014,2053
2014-09-26,2,81,59,70.0,55,61.0,0.0,5.0,543,1742,0.0,29.57,30.22,4.7,9,5.2,26,269,39,9,2014,2053
2014-09-27,1,79,54,67.0,54,59.0,0.0,2.0,544,1741,0.0,29.47,30.21,3.1,7,3.8,27,270,39,9,2014,2053
2014-09-27,2,79,61,70.0,57,62.0,0.0,5.0,544,1741,0.0,29.54,30.19,4.0,8,4.7,27,270,39,9,2014,2053
2014-09-28,1,78,53,66.0,55,59.0,0.0,1.0,545,1739,0.0,29.38,30.12,2.3,6,3.2,28,271,39,9,2014,2053
2014-09-28,2,79,58,69.0,57,62.0,0.0,4.0,545,1739,0.0,29.44,30.1,2.6,8,3.3,28,271,39,9,2014,2053
2014-09-29,1,83,53,68.0,54,58.0,0.0,3.0,546,1737,0.01,29.28,30.0,5.0,36,9.0,29,272,40,9,2014,2054
2014-09-29,2,84,57,71.0,57,61.0,0.0,6.0,546,1737,0.001,29.33,29.99,4.5,34,9.0,29,272,40,9,2014,2054
2014-09-30,1,58,47,53.0,47,50.0,12.0,0.0,547,1735,0.001,29.29,30.03,8.8,2,9.7,30,273,40,9,2014,2054
2014-09-30,2,61,51,56.0,49,52.0,9.0,0.0,547,1735,0.001,29.36,30.02,9.1,2,10.7,30,273,40,9,2014,2054
2014-10-01,1,70,49,60.0,50,55.0,5.0,0.0,548,1734,0.0,29.22,29.95,10.3,13,10.4,1,274,40,10,2014,2054
2014-10-01,2,73,52,63.0,51,57.0,2.0,0.0,548,1734,0.001,29.28,29.95,8.0,13,8.6,1,274,40,10,2014,2054
2014-10-02,1,72,63,68.0,61,63.0,0.0,3.0,549,1732,0.32,29.03,29.78,7.2,17,7.9,2,275,40,10,2014,2054
2014-10-02,2,75,66,71.0,63,65.0,0.0,6.0,549,1732,0.72,29.1,29.78,7.2,17,7.9,2,275,40,10,2014,2054
2014-10-03,1,65,43,54.0,45,49.0,11.0,0.0,550,1730,0.68,28.95,29.67,15.1,28,16.4,3,276,40,10,2014,2054
2014-10-03,2,68,46,57.0,47,52.0,8.0,0.0,550,1730,1.05,29.02,29.66,14.0,28,15.6,3,276,40,10,2014,2054
2014-10-04,1,47,35,41.0,34,39.0,24.0,0.0,552,1729,0.06,29.0,29.72,13.5,26,13.8,4,277,40,10,2014,2054
2014-10-04,2,49,37,43.0,35,41.0,22.0,0.0,552,1729,0.05,29.07,29.74,13.6,25,13.5,4,277,40,10,2014,2054
2014-10-05,1,55,37,46.0,35,42.0,19.0,0.0,553,1727,0.01,28.95,29.68,8.5,23,9.0,5,278,40,10,2014,2054
2014-10-05,2,56,42,49.0,36,44.0,16.0,0.0,553,1727,0.001,29.02,29.7,10.1,23,10.7,5,278,40,10,2014,2054
2014-10-06,1,61,42,52.0,38,45.0,13.0,0.0,554,1725,0.01,28.89,29.61,7.9,25,8.8,6,279,41,10,2014,2055
2014-10-06,2,63,48,56.0,40,47.0,9.0,0.0,554,1725,0.01,28.95,29.62,9.5,23,10.5,6,279,41,10,2014,2055
2014-10-07,1,66,48,57.0,43,50.0,8.0,0.0,555,1724,0.001,29.0,29.69,9.8,25,11.5,7,280,41,10,2014,2055
2014-10-07,2,69,49,59.0,45,51.0,6.0,0.0,555,1724,0.0,29.06,29.7,10.3,24,11.7,7,280,41,10,2014,2055
2014-10-08,1,65,44,55.0,35,46.0,10.0,0.0,556,1722,0.0,29.27,29.97,11.0,27,11.3,8,281,41,10,2014,2055
2014-10-08,2,67,48,58.0,36,48.0,7.0,0.0,556,1722,0.0,29.34,29.97,10.7,27,11.2,8,281,41,10,2014,2055
2014-10-09,1,62,43,53.0,34,44.0,12.0,0.0,557,1720,0.0,29.38,30.09,3.4,36,5.8,9,282,41,10,2014,2055
2014-10-09,2,64,50,57.0,36,46.0,8.0,0.0,557,1720,0.0,29.44,30.09,3.4,2,6.3,9,282,41,10,2014,2055
2014-10-10,1,58,39,49.0,39,44.0,16.0,0.0,558,1719,0.0,29.43,30.16,7.7,2,8.2,10,283,41,10,2014,2055
2014-10-10,2,59,44,52.0,40,46.0,13.0,0.0,558,1719,0.0,29.49,30.16,3.8,2,5.2,10,283,41,10,2014,2055
2014-10-11,1,59,36,48.0,34,42.0,17.0,0.0,559,1717,0.0,29.47,30.2,2.8,8,4.5,11,284,41,10,2014,2055
2014-10-11,2,60,40,50.0,36,44.0,15.0,0.0,559,1717,0.0,29.53,30.2,3.5,8,4.7,11,284,41,10,2014,2055
2014-10-12,1,63,38,51.0,42,47.0,14.0,0.0,600,1715,0.01,29.24,30.0,7.9,14,9.1,12,285,41,10,2014,2055
2014-10-12,2,64,45,55.0,44,50.0,10.0,0.0,600,1715,0.01,29.31,30.0,9.5,14,9.9,12,285,41,10,2014,2055
2014-10-13,1,67,56,62.0,58,60.0,3.0,0.0,602,1714,0.64,28.97,29.73,7.7,14,9.1,13,286,42,10,2014,2056
2014-10-13,2,71,59,65.0,61,62.0,0.0,0.0,602,1714,0.44,29.03,29.73,7.5,15,8.9,13,286,42,10,2014,2056
2014-10-14,1,65,52,59.0,57,58.0,6.0,0.0,603,1712,0.65,28.83,29.55,3.5,10,10.2,14,287,42,10,2014,2056
2014-10-14,2,67,54,61.0,59,60.0,4.0,0.0,603,1712,1.18,28.89,29.54,1.8,12,8.6,14,287,42,10,2014,2056
2014-10-15,1,55,50,53.0,51,51.0,12.0,0.0,604,1711,0.05,29.05,29.75,9.5,35,9.9,15,288,42,10,2014,2056
2014-10-15,2,58,53,56.0,53,54.0,9.0,0.0,604,1711,0.07,29.1,29.74,9.4,35,9.7,15,288,42,10,2014,2056
2014-10-16,1,56,50,53.0,49,51.0,12.0,0.0,605,1709,0.001,29.02,29.77,4.1,24,7.4,16,289,42,10,2014,2056
2014-10-16,2,58,53,56.0,52,53.0,9.0,0.0,605,1709,0.001,29.09,29.77,5.4,25,8.4,16,289,42,10,2014,2056
2014-10-17,1,62,48,55.0,46,50.0,10.0,0.0,606,1707,0.001,28.99,29.69,11.1,29,13.2,17,290,42,10,2014,2056
2014-10-17,2,63,49,56.0,48,52.0,9.0,0.0,606,1707,0.01,29.05,29.69,10.7,28,12.7,17,290,42,10,2014,2056
2014-10-18,1,50,36,43.0,38,42.0,22.0,0.0,607,1706,0.01,29.39,30.08,8.2,34,9.2,18,291,42,10,2014,2056
2014-10-18,2,52,39,46.0,40,44.0,19.0,0.0,607,1706,0.02,29.44,30.08,7.6,34,8.7,18,291,42,10,2014,2056
2014-10-19,1,54,33,44.0,38,43.0,21.0,0.0,608,1704,0.0,29.31,30.07,7.8,21,8.2,19,292,42,10,2014,2056
2014-10-19,2,57,36,47.0,40,44.0,18.0,0.0,608,1704,0.0,29.39,30.09,8.8,21,9.0,19,292,42,10,2014,2056
2014-10-20,1,65,46,56.0,44,49.0,9.0,0.0,610,1703,0.01,29.17,29.9,4.7,32,9.3,20,293,43,10,2014,2057
2014-10-20,2,66,50,58.0,46,51.0,7.0,0.0,610,1703,0.0,29.23,29.9,4.9,32,9.1,20,293,43,10,2014,2057
2014-10-21,1,53,45,49.0,39,44.0,16.0,0.0,611,1701,0.0,29.46,30.16,10.8,1,11.4,21,294,43,10,2014,2057
2014-10-21,2,54,49,52.0,41,46.0,13.0,0.0,611,1701,0.0,29.51,30.15,11.0,36,11.6,21,294,43,10,2014,2057
2014-10-22,1,56,35,46.0,38,43.0,19.0,0.0,612,1660,0.0,29.56,30.3,2.9,8,4.8,22,295,43,10,2014,2057
2014-10-22,2,56,43,50.0,38,44.0,15.0,0.0,612,1660,0.0,29.62,30.3,3.0,11,5.1,22,295,43,10,2014,2057
2014-10-23,1,59,36,48.0,40,45.0,17.0,0.0,613,1658,0.0,29.39,30.15,7.5,19,7.8,23,296,43,10,2014,2057
2014-10-23,2,62,41,52.0,41,47.0,13.0,0.0,613,1658,0.001,29.46,30.16,7.9,19,8.4,23,296,43,10,2014,2057
2014-10-24,1,67,52,60.0,46,52.0,5.0,0.0,614,1657,0.0,29.25,30.0,4.4,22,5.8,24,297,43,10,2014,2057
2014-10-24,2,68,54,61.0,48,53.0,4.0,0.0,614,1657,0.0,29.31,30.0,4.9,22,5.8,24,297,43,10,2014,2057
2014-10-25,1,72,49,61.0,40,51.0,4.0,0.0,616,1656,0.0,29.21,29.93,10.4,29,10.9,25,298,43,10,2014,2057
2014-10-25,2,75,52,64.0,41,52.0,1.0,0.0,616,1656,0.0,29.27,29.92,9.7,28,10.4,25,298,43,10,2014,2057
2014-10-26,1,64,42,53.0,32,44.0,12.0,0.0,617,1654,0.0,29.21,29.95,0.9,5,5.8,26,299,43,10,2014,2057
2014-10-26,2,66,44,55.0,33,45.0,10.0,0.0,617,1654,0.0,29.28,29.95,1.6,11,5.4,26,299,43,10,2014,2057
2014-10-27,1,77,51,64.0,51,58.0,1.0,0.0,618,1653,0.0,28.92,29.66,12.0,19,12.9,27,300,44,10,2014,2058
2014-10-27,2,79,54,67.0,52,59.0,0.0,2.0,618,1653,0.02,29.0,29.67,12.7,19,13.6,27,300,44,10,2014,2058
2014-10-28,1,68,45,57.0,38,47.0,8.0,0.0,619,1651,0.001,29.15,29.85,14.8,26,15.6,28,301,44,10,2014,2058
2014-10-28,2,66,48,57.0,40,48.0,8.0,0.0,619,1651,0.03,29.23,29.85,14.0,26,14.6,28,301,44,10,2014,2058
2014-10-29,1,49,36,43.0,32,40.0,22.0,0.0,620,1650,0.0,29.36,30.06,9.5,29,9.9,29,302,44,10,2014,2058
2014-10-29,2,49,40,45.0,34,42.0,20.0,0.0,620,1650,0.0,29.42,30.07,8.5,29,9.0,29,302,44,10,2014,2058
2014-10-30,1,51,32,42.0,34,40.0,23.0,0.0,622,1649,0.0,29.34,30.09,5.1,24,5.5,30,303,44,10,2014,2058
2014-10-30,2,53,37,45.0,35,42.0,20.0,0.0,622,1649,0.001,29.41,30.1,5.9,23,6.5,30,303,44,10,2014,2058
2014-10-31,1,47,33,40.0,25,33.0,25.0,0.0,623,1647,0.03,29.49,30.2,22.6,34,22.9,31,304,44,10,2014,2058
2014-10-31,2,49,34,42.0,29,36.0,23.0,0.0,623,1647,0.04,29.54,30.2,21.7,34,22.6,31,304,44,10,2014,2058
